13
5
1 2 5 4 3
8
23 65 21 76 46 89 45 32
8
-23 65 -31 76 46 89 45 32
10
9 7 8 6 3 2 1 4 5 8
915
95034230 94499746 57156901 75594642 90879125 5935016 57534649 76086706 77287280 86622588 80655822 7610449 95992405 3925893 76864509 3574209 81513438 84757419 1505120 12609266 36045075 33881023 63313193 65114634 84437464 90394994 49643714 27081701 33355507 62608015 85175990 41061049 47890002 64365366 62844573 59521804 17312756 70707816 18961057 6848188 10509232 74277351 73428734 26255116 78789238 49769817 29111257 53302604 38674547 8682408 73191719 83997678 28270221 72471919 32081592 13735037 34929528 48856820 13862451 91038554 19504400 67426196 19510610 34983171 46958294 48523191 31113986 9084758 24202176 44009211 96373500 95232456 1362664 77572338 48053793 77779019 98388959 83552545 48097720 48588555 21143496 4005090 32514031 87775363 26054347 6307523 1925532 6967187 69233752 951026 47335656 96268653 40342309 37139042 97737981 21413295 11106927 46240632 53252876 53254371 38833789 91778772 42615115 83718708 14059703 60061194 74638696 58316819 97606890 14732593 87861664 79876828 82571317 96732546 42733864 49303163 67126909 44376523 83851124 34504024 76638137 8745571 28579809 57105981 14563284 77562813 94310338 71973705 57476753 60262913 27592344 94916427 91688384 25355813 27295913 41230415 68884216 83688631 76486391 90081767 92836553 95956191 70304204 90674069 29820899 32773980 44242443 43998677 39143413 34009668 74025216 1615329 11139225 59186405 20334938 96255546 68000183 66704127 34872435 25745292 81065712 64671463 71235420 73946333 1652005 16907787 16932249 69886025 88411200 95224452 36154582 58786408 8445511 1805873 44150231 181091 62239330 49147312 7212990 81506148 90676777 98942547 76337810 8139734 94727001 76472077 37066593 58106072 84894532 93420885 42043501 54781338 73558736 9416302 29147425 34113811 39129117 9687457 11988267 9584092 23581035 45151658 12736083 88491997 72439468 93606233 67207291 8589833 59068427 46459825 43781024 57742435 38676290 99187132 71689709 36992328 27234953 65244867 63848972 54149653 1613848 32993369 4173662 14865801 47126820 30352111 64253183 29246930 12617320 51342304 31382164 9936314 99719196 30562837 24790540 97073202 48580567 78669050 85884971 24463366 35656390 67255952 43868253 91496631 89408184 61671410 49481667 49679908 83877590 30488068 9139952 72116358 84896061 51111483 21744238 41381452 85671912 79149971 50344957 14396442 97410680 37070109 85942660 70895416 60307248 77859080 96806844 73943670 80434124 66250066 19981722 32562371 14409633 92495699 80320084 18599322 30875228 64741551 61126490 67580526 19878569 79095095 1170306 63765636 23420997 21060908 24739504 3036440 35121806 54781968 60924618 49117641 11085327 92920117 45715753 46259646 56430596 84828197 70714241 76358185 18970391 25516299 61195682 58601357 71309497 61926071 96150046 43603440 41677382 96315726 37119313 17508928 19466679 36154129 86954015 67361554 91272347 77679346 26817712 7713729 48745572 45859093 76570976 27930069 75757715 20829838 28576287 87354276 58596633 45398001 61078115 52450709 65723408 51651603 53363695 91897066 15098518 46432204 98861635 8458884 17439025 17066625 81086546 16253903 74771991 52427471 16619458 62094037 16734521 48159322 63724299 3876661 65047144 4470018 93310036 78522894 49988205 55931155 73158101 52103768 8634035 59970592 623664 83860954 17373667 70083110 6611032 74037343 33517118 98416979 9279417 7212982 56316526 4744619 41640165 77473209 83465103 25765133 3567553 47697922 94712238 39995855 24510368 57434725 63335446 53055381 60473150 65561847 28031566 26907595 30621206 10755784 89376268 18283104 48356058 56997411 94586211 11343137 35862048 52400685 1931785 14550275 15541831 88557308 15067450 32654865 79642016 6996894 14121476 55185630 74459131 15035646 5229880 7992545 945804 63777113 38733917 39950005 48549979 37109029 93655394 32154903 22130655 64851992 94850107 57940772 96151703 77748716 71212213 11118342 13588597 68979338 37423118 70658332 43598055 57169128 59486368 91823072 43240400 1943656 42223486 97802890 72267825 42531417 89239603 24761673 83989209 84015190 41933991 82130999 17372748 22571949 21732745 95014226 17228465 19690619 13797465 81943418 49544242 16166847 29272184 59633615 21134 84573339 90253573 6869356 63859199 58725526 39301842 73768640 53094041 249802 92037744 85691214 71463804 16213699 96623675 83376623 80441480 22026371 10723398 63224253 43942002 9561712 80744114 97103479 64302488 19321986 84504010 96995309 62555568 79563724 84135545 65549949 98794355 16798516 19617112 89060138 8069725 6411082 57580219 2481905 18962680 66827443 7585299 48902913 21635733 14144625 29169544 86522011 1737882 47771931 52142899 58971977 34921896 74433894 15344386 31010119 40553340 40902858 65639508 29865517 14488672 56390911 29593154 80195017 44369078 59184011 94827339 98474710 80310896 6969446 80146065 36620010 68736344 41195706 70985157 46256361 8175629 25230093 76213311 97872193 50917763 55389516 20013287 25027533 36476496 44797750 90405385 60339073 84094307 61903663 36952089 28067810 34838533 90325901 16259808 38819133 6613289 6822456 28419871 96194358 73219925 57390277 2517328 38389591 42635650 47032848 60490729 19862714 24506474 89836335 18808273 10574323 15701590 29859498 36076409 96751687 13328665 43123467 13359583 90667658 33868560 29521323 44641354 51540840 41153870 43323994 62317962 42524753 70642742 99908743 99275560 11900507 59779775 98475574 12750080 79532248 18969103 15867393 35958683 97097019 22853992 8551146 58297451 59404379 46144607 18482023 86520273 76386026 65477712 73189941 38225842 42982236 34661655 19463213 71289866 13777268 64287243 98621722 30820176 20357255 59377717 4319885 18496148 98396201 949507 1589786 269953 89368678 10190222 17611424 8311974 4839231 80989740 64230595 21846771 45747720 21880733 34486993 28830715 5206435 72596328 58040049 15837976 54184791 28361376 30132773 97845610 9044644 90762423 77651947 49486293 43785568 53704645 11033164 66670330 90929764 79130463 94595186 14295565 99596399 34509580 88400475 97899057 20687529 86448610 82695090 74746600 23064450 71826427 55263729 36479756 99015548 62564824 85907428 21102623 13020595 47179478 21141396 93321115 28663755 8467167 91513680 57593643 83463801 31698763 84249563 97916463 14382251 38331879 80237140 31450938 57270127 6891798 80572871 62885694 20073759 88815200 17716197 18930634 76051869 84952807 95821783 55905430 67065718 13687645 81301313 66168167 94171946 9789911 35888600 67156693 91838102 6120237 45549801 79264366 35964817 58054390 27325930 59125584 70116724 83512985 60237487 50837435 59617293 51927135 6871 48619515 5179981 45188688 67840103 31129015 38864757 61356820 1076379 49357655 44102878 33012366 79203641 87487758 70983164 93748741 62767486 35895204 73122531 88672956 75107336 73186503 42009777 35087971 82505058 15591939 18144338 56924429 92360457 78253134 38594034 96937289 93575349 66000286 61553269 15159717 79191076 52925732 10161049 78143492 83215724 67703360 93607109 70440141 79328853 28516899 83921222 32521039 41995933 21286582 16354355 75601620 58578700 77322834 72723686 21042051 38037755 30908780 17467460 2289401 6218520 25001591 21618149 46901858 71964616 81451621 97458719 6855325 59253593 48750081 13671199 69173935 82661803 2153938 3184442 6017165 80759662 19110639 10651536 48253804 59592101 64764280 61703331 75753365 93103119 5929575 10012702 63193595 26908666 56820555 57205565 294934 1969748 40344889 97541115 98572946 28166719 53516847 14995697 55461770 76864816 72565875 82054422 87630698 4373960 18257946 72367711 67397866 41535854 22684104 31099701 91158611 20926794 32123487 32394915 42658630 97710217 7765121 19085647 12569545 21256489 39491315 91910698 73274355 74991730 17838585 34756871 39357351 86314284 42687914 64014170 24444276 7290047 55241495 65237390 22441580 20308034 15008885 21832727 50154016 50302854 98997062 3139869 48890947 17011690 2593193 83667352 86366631 99485021 49949886 60208681 96548933 29087649 4254611 36175296 48438420 38301893 51073387 23568703 7296199 1181465 38315733 87712049 75043475 59513860 24058646 45823367 94175340 37579877 15729638 62680890 58505412 88106072 67950582 98212913 54870420 24740971 86589440 62441245 91463270 44610922 8969306 52980320 74793814 58611174 48767809 46648591 3929003
874
29017602 79038050 8866657 32605463 59953428 87542186 75764482 16913177 29748976 25697463 74736826 15181261 20598444 33281963 47540407 16099572 61523659 4261072 87812269 82651846 55253988 82497592 70107723 52866410 41915815 29008134 67607528 95585344 72105523 16648365 90383767 83962331 28760484 37719662 57017706 76771531 28882000 54583667 29572363 22926603 50539902 78327925 21699777 64721904 2569226 55608567 87047303 59236756 34714857 76459902 95651935 14342005 98851558 55777022 16284313 23833422 64098887 34337254 59814521 8456576 39143316 85675213 16244240 83544708 11086471 9049266 399748 48721256 48871543 50337016 58836858 83582049 37897298 98907107 85388887 79896403 39601785 46185208 7370588 12164975 26520237 73527044 26463361 48994373 26800913 7337892 54237648 55288860 14378067 37796736 46309205 2513372 51417449 15072180 46249819 69225660 83305120 37721668 18009515 50460953 13814570 86092280 79345312 59875690 81314026 90364504 12971762 17202281 58514643 42208505 20832399 81115720 72410634 74186655 21673003 15532914 35362317 36515687 22174952 65454489 12704055 73941394 1580769 47463746 73705630 42297496 82370346 32605008 84082030 15896544 25438605 36482308 70822096 68059116 25354370 95240948 82508664 90046946 89813167 39060387 16409449 95373271 93555802 41989331 3765409 70602671 96995117 23224701 15029642 40476041 79751019 69795981 58309721 79628872 92226902 46595479 31475067 11486553 20808913 42744175 50278597 57031262 44676997 83897491 24258981 57564660 57587946 68089256 68936075 4094910 73808108 508981 77202646 37859473 72526385 27682766 38791660 90701627 96667693 77509874 92771818 5864250 41969621 67310172 13992165 91816571 13451701 14399114 9403434 88591460 37196458 65924487 73016665 51436052 7773392 69035285 69870736 37929243 22647847 11425476 80198570 98123482 26041629 90238768 56232578 81263257 17315876 55045670 83421442 32167499 12183411 9631129 93482253 74054087 59072048 90283561 82715348 52357509 97610728 46181976 68086741 93310097 30930189 25330469 50373892 12630294 92383331 59338346 75852644 60746984 73205630 63184003 34394107 98767717 58621172 41874576 35112162 43128773 73573545 99779413 13754373 18972100 31958781 8022238 94240893 37430560 30794104 44013438 51973474 39030421 55440038 9156342 5087107 86254955 36888507 36005456 20669714 56562906 6885503 55948732 3699716 49952842 52362908 30842914 6023409 96665225 68065766 31625193 87916948 84262030 97039414 92202225 32698522 33413345 24471584 22385679 7583825 4795909 17101274 9942386 53818644 47790188 57283288 9049583 59343440 44402261 45585064 54064737 5246385 21452232 45684746 55601922 25735651 63912884 14858096 68604925 66874609 50203553 77005822 8136763 38320472 21733716 63818352 68883525 87623974 43427232 52188203 54002566 39369672 52644383 65519241 70666454 3004288 69278977 32849154 98220124 67176057 49097501 99257514 58098366 86414787 73649583 68656242 20727683 84048192 93466712 41152774 91133786 40665808 33720078 10903983 72968694 95764340 77895726 19998191 30888233 83189931 92084293 75376844 23133967 26577508 92099287 98553976 6616915 38368516 19343428 43410527 16016636 96666264 98236708 50839560 8233580 90753679 87356125 20061524 22541605 25457195 62837358 48827605 35441251 81215230 72388741 64993809 64089303 34070167 81913702 549109 76172574 86106929 55170459 57806956 51370388 19241463 53394674 17192392 92099843 73630398 76266313 80592693 75764342 56794241 69282166 66770671 41200820 62503059 32293525 98600183 49989225 28563676 35013191 7141193 9520404 61226832 4982336 89630444 86237132 89436377 29480259 22172497 6908354 1993236 6385218 51485715 43484655 35406132 4525430 3939777 42969125 59855272 64115616 27517330 66404988 43222184 27677181 63223292 84064683 59860080 7606745 74542285 89940494 23814146 11520824 24701819 25570141 18060570 32833963 73388552 22046622 38873850 47542626 50526007 70242113 46961860 4243643 66928501 53188857 66525446 37728254 92044184 70845477 58335999 44527574 42285825 22286461 89018783 78561836 77297949 58911059 32022884 29760608 47237242 76688655 16446547 19430886 70741256 30661311 88621515 39538209 36659807 63840783 96880582 74790419 69143581 42807082 49788133 47534007 41849126 72116277 47087296 32565134 46143224 58454101 9406350 95614674 31614155 35003796 17019085 4708134 58871867 48484725 30016047 52035788 75864515 64407608 3960764 76538908 439599 90271885 40765616 22593757 14356951 29884883 19873649 95481687 65478719 15596708 98931733 82254047 92474279 70801460 98130913 72313774 26842653 4497599 32618404 14369852 71599646 82784148 9407572 58892676 62318808 83323079 5422814 95106993 46794283 23266419 16414889 62362564 58912936 28227755 37557099 32422568 17237239 98228210 15384119 13621746 65390265 90340934 13375996 12343636 23679365 37908992 30440533 29563088 17026831 41743402 16723457 57761491 49638569 64259862 97040602 46700976 29591069 15259601 25637999 4104320 49799756 93846665 98669429 22977564 37459505 29540161 25697312 66908363 10881369 25962495 41902966 62628072 84852915 28429962 78554419 13682813 37486106 69212788 22381538 72311627 36040418 34090974 20188450 93464968 92276822 94954150 67167455 65184303 8291219 68995058 83355430 50852412 71997539 97947610 16734892 11768751 71982917 52041336 97543664 96506156 67370184 66468120 11324438 76248541 67636130 79809044 1682255 89509927 49371421 52901211 42859439 62954176 49809298 76741115 71796854 99750715 29537926 37036208 14783803 61500990 89654022 56491156 79023431 99159938 25607689 4987316 65382698 90553403 43704348 85794283 18950928 68895420 12191045 53560032 60199290 73747396 8014067 80865572 99666122 14487383 33206755 40146946 7570579 83395928 41203882 40569151 48833873 20149687 40584559 41779753 29958411 13874754 75556261 42403152 39583763 50349631 61816874 71877173 41456436 52842046 91009951 58248008 35898154 79607224 77022483 20526666 8934537 59077305 16163868 18136684 59516746 22042393 47732131 93028567 36507286 61715475 28158449 59176934 25399499 14576159 2194881 67703293 3826668 44863478 82297710 98463114 41331851 53164343 19312761 11364927 40703084 1025693 54769858 70437270 73910693 38115907 5767478 13812491 37554165 64384264 38021327 51393574 41325685 68574027 83760058 41043599 32945534 28041107 14503188 68361627 75469480 64830368 28882478 27274909 35413822 55780025 17784364 67732317 65575181 57161692 58900394 96313620 74311528 82074840 77643671 75083981 53900985 93058583 20480390 98589511 57122320 17852727 97075453 4595741 90343470 13730542 73070833 46593983 36723178 2476800 13276940 44691707 71226786 56176746 71504164 26096442 84013359 14310291 56431746 51623676 44695779 87947461 84732216 31859151 67341849 66165627 42604651 83982988 97594138 56923528 26077712 13053179 90861212 41117396 5363872 55216481 54514785 43309016 26108114 25173332 66459664 94320266 71168615 57003231 98580754 5709726 27413591 69234199 50638982 81257297 53867570 53415229 33335592 59968650 13318878 2226209 49416917 11358354 19417139 13635475 36712439 47224189 3473549 72396796 26236698 41637141 27350780 16573890 6416144 66983129 64979286 81545667 48200616 49501426 28663330 70315141 70930713 26828728 77307779 37915209 58609479 36581436 68515087 48949658 95628403 23285938 90792826 30020460 85889231 28960992 51080887 65053221 9491421 54245086 8296010 65977195 65657184 68440242 94557494 41290995 39285539 71727673 77498872 54477034 19155205 84022281 33833649 678298 68611804 76360819 99936491 18255934 37736881 98718475 15927549 99068834 51244270 45167733 38613391 39430592 76478498 5007352 18908596 16147755 16726415 85166588 38291421 38969054 35595376 2399543 10266405 57901945 34012481 34982518 50112551 21306154 41854515 50624274 20103282 49923789 4669716 48024685 37338624 10055679 80120898 34637722 6781966 76372422 32458195 80484357 87603510 46376387 16731171 22254752 31520622 7050211 2007451 46888189
299
74636625 26464640 14721176 81883006 37056736 76275652 97499564 44973350 64771992 66926021 12805147 69892146 18710597 1339099 22489187 98095489 4726655 7658460 93775984 18790587 74941591 72850952 65604050 44497944 37690077 3318697 79792319 49756564 15740563 74813192 36733940 13000050 82464244 27314156 96769196 3579379 62714196 85194038 32631676 81157843 47670453 31861753 74002004 47931788 5374089 40437674 95653966 22289706 34350917 461062 52739234 86095965 63060071 94095716 64606564 1957901 71364769 70240024 80274745 35511253 79059714 63867339 61887500 40754214 78873863 34836482 29869324 94737099 30365687 14957708 22055141 62670010 85338620 49898615 68467909 35638035 33799470 55384098 28548273 3719279 24237162 51326822 71774438 69453521 71785506 20616655 50254718 17794415 59767874 59456930 95324480 38209931 15450497 81697732 23043476 69292772 95119882 23766838 41535597 24692153 70143473 4776505 11962761 46331438 76814255 57036702 43467114 59715979 22962402 58735023 34473750 96725870 42087546 53127350 14022637 67151635 30902041 24860737 26370494 72336740 83712835 88339243 9572958 98375299 27494615 46841065 94977334 5388058 50638726 17199040 46475236 67044448 59049457 28408300 18253890 18041587 37591359 44630181 48233199 10012255 77370388 99485542 28171305 95272191 76112029 98695793 52937881 11280869 31600894 34404615 79245094 51659286 10180181 80275710 95160474 23138894 76612064 66041822 68957853 24207856 53203165 79495660 98471704 93624594 8676 90331657 13718207 63985162 3766164 13518509 50596769 89161405 29463755 28468545 26737451 81584871 5326993 50652003 31878479 45272900 35066299 59709913 71359628 3685282 26565793 5675390 89446815 15522970 26665277 97164588 70896832 9148004 85434782 94521225 46854497 94435328 62984222 96527287 90536005 55571354 15345088 41920164 18063759 34991065 72981893 62889863 78196907 11857916 74337990 63168561 32269077 19876493 17487443 87686709 52737075 9079775 6486649 41391613 96684409 63543178 12706872 73147613 35938645 48194322 88756582 81330690 20909009 56467614 58140190 1386311 47709678 81701632 9792675 88207540 59723578 54569835 48118896 88846400 55104817 99893053 7136929 92686110 82076296 30970974 43635723 60826932 99126779 74855392 71367298 54424031 10119126 12907304 23989527 4265103 98492417 16036587 58626608 87033422 5615737 72130188 50262698 58226335 7528039 10749712 91020247 68956841 26318660 79617378 61083146 83747465 62919639 49913979 18901382 90786097 40981949 90075678 37958306 11664013 10121240 11618671 11992106 14031325 84500404 86873220 10512401 47143575 10423871 54618232 61910468 46177294 35072145 47162058 2666837 69257031 23235616 98737707 27728990 49907589 13693584
565
65521873 93501603 64402900 53820039 79604039 90760982 34909522 38170527 59977810 68933147 97961880 99591550 70441954 72526907 38301950 4911065 24228010 76914526 25189305 30402050 79857670 2431534 33154533 97788253 52284929 81262253 42276764 22455928 59920904 29463236 29110128 67253402 34015393 27570524 32843266 27487445 45226040 8557545 531894 23166295 15276262 25035976 63841686 35091233 23516205 99081610 52916778 90507579 64600637 77997932 82151667 11321436 74687405 92935404 10877494 55588540 79238408 15529676 22360587 81462006 1988521 63570331 85327335 71058655 20921007 45530084 6191266 2912288 66603888 77959450 34498197 83726231 11719548 89756825 70787720 62174576 47209709 85982139 82404686 45768718 35103580 65767436 83453072 47785417 76936126 54047535 81617176 40125421 96400279 92098385 70532848 71994079 67673765 39545286 3488055 18003492 73577623 80409485 25005530 45847766 10988854 60470728 99669565 9094161 75934454 34261247 15805449 62064200 3919872 99088317 17889087 22655084 27207851 67980175 64778227 46558132 79832885 63035130 65799960 52758342 14457831 7574487 83506461 34277630 36956513 49899127 92314978 6036755 55376773 48381473 1570120 59375652 67132958 81049720 26495496 78771560 77346676 86335651 65502205 80602784 82744392 26803647 76766230 86852908 5600456 6013460 86030721 15591132 31029069 76923135 5622483 59186822 27145478 3006693 47811018 16943407 7949053 92229244 80748085 62471526 95662904 97465127 37599501 86034081 56482615 39821574 65789467 98500124 84077550 28741003 60545903 951501 84660243 16634769 94605562 99911189 63593468 76234645 14979114 45245446 96841044 28370515 56021757 83955211 79118019 70526961 25221526 18101513 63312021 72613446 32411813 44851518 2759619 23904711 84270653 55526264 79645817 65033765 51625434 10390360 3736446 80408903 57712175 13574603 82567280 14780526 1395869 61589678 61578844 13581474 24548330 37418333 48540590 44355236 82383777 33138407 55804993 96520358 51292509 20103727 82433229 71301729 40961134 92473026 25307825 45783936 1993238 71255240 79169806 30069797 52285591 13784491 28244034 19729299 70882352 12623008 78685976 12966637 68721878 13092317 91949041 8889789 67277867 88345078 4743543 97789985 3618881 934590 93958036 29416190 65880110 41651217 37310636 30311757 49974699 17614320 66171715 24509306 59694980 46490505 74302051 76512934 48006092 33018148 71080685 70310675 22576044 90383178 89702500 95269856 22759404 57339866 82130404 80949994 35161185 21643497 84180272 17859894 80930054 89318777 56223558 14235313 27540805 18342928 65349748 40546879 37538387 92274363 97548383 46104709 76976846 59629518 37825924 35087795 53446864 73126291 38058656 9991560 80937750 83164815 2683636 47675418 88730996 80011620 88093437 1226787 81000261 93414456 9825446 28537004 43051743 30870599 68274814 49293261 84828491 74849781 17667109 36499643 66635947 42596626 57169558 23469233 11336669 82906420 64138637 29213571 90527349 79792198 29132018 4158674 37755816 54002346 39065261 7794170 79823691 36049191 45019610 35044116 6226886 1642636 48503603 10742613 70780037 81820921 25058027 27362027 62535804 7410343 5159642 71906421 83811848 57242433 60728694 15775073 52099746 23844835 87820285 77684667 52130010 11059436 18901773 10061593 25495759 17203175 59212707 34258596 1055120 40713776 94435626 3001264 89161149 14056506 81969479 63335294 90548464 35419015 36760773 75674434 40922215 6123835 57631652 81541903 1250310 95735040 43105783 78636756 65360825 44013989 84209430 94854489 1853760 21371187 47086079 15827761 49410526 83626221 25092929 30362654 24497415 76926314 9879782 60931380 26140824 44806430 95172832 75167935 83541513 24293057 79753940 41845148 62597175 84310917 72538730 34655286 44594070 34444756 69240270 54056790 79052515 57107611 30389130 88689564 87620947 60031545 28351110 63985308 92120708 85357162 83441743 77519738 89366160 53103189 54611831 51213126 29541597 3616417 90711068 28045699 76576706 23403023 20121167 809688 1728531 22622829 3905934 4258613 2987129 4942666 54716905 49864838 22068237 77752450 75209488 10960771 76078540 30362422 76755646 63889574 58630453 74303454 37662102 51039269 63480004 84239236 25341392 1469087 90287084 49502189 31639598 71856549 26602318 50088798 9209750 38239953 4871821 11517986 50166332 97945341 74082731 17928638 79466993 29752749 47812855 93614073 14895829 55926610 82366407 76623697 38055996 6058864 8034847 94574971 90554352 4545749 81050646 74587145 40529563 56636499 83553104 36003525 20927877 31007072 15508136 37750016 14455346 61157845 42132930 48645582 69999110 27602764 10455246 68742896 81321139 12611694 57595018 47040046 58757506 56072934 6196360 52626774 218991 48587245 23105162 52056983 66302678 50436225 1260383 81416833 31263003 98232513 5475499 76662412 66115512 79289208 67808388 42660455 72748387 28673231 54350474 29515326 83134369 79453056 97094046 52109976 54098744 29384787 87685852 34437346 2541889 70416865 2990416 92724729 56857699 61075207 93943211 275075 46969575 66563086 96090466 47069015 60238819 21931653 74231308 4997116 55749620
461
80760479 19733754 16234579 1132382 27143638 82922542 40840398 46963045 13059522 92531104 14019722 1479222 64718739 50028770 21609154 87245331 2540956 1169195 24357873 66694903 14122409 35996585 6143810 13911917 78887053 87991336 23007396 58858595 62725036 709109 51982007 19270694 29423358 6002207 67893082 76097711 43391543 34216639 28070374 9345405 58734036 23890033 6794974 30999980 81742640 51268536 28583077 84994576 14205723 53346616 9336321 89623982 74899760 46234992 4723980 38653911 2640109 8000894 18124089 40761975 58083397 94046963 3742218 77599428 51838037 26534519 3118720 7844101 89853248 89572800 96378133 35159185 89478681 36520038 84203574 7314300 74664109 37948701 75802240 79916943 17155867 43771018 97135097 56281835 95561808 85815468 82295021 75143937 2172701 62580365 58212050 77623125 52036395 8318138 90601658 37925871 26509952 343097 34910178 9904040 95631838 97144533 26315559 65031464 92229149 23692602 53213416 6385752 51579919 6060361 12623019 77998498 95617244 42095164 92869359 5463612 71975363 18653892 2748442 47562181 67967665 86121707 11323266 8283987 29341657 95690590 20277474 1866370 97279524 33269055 38530140 83759573 25482533 53655530 8520294 87641193 33740891 96094777 89058196 93550324 78611885 24729503 92368362 15328051 37277968 93788836 27146825 5070537 69991922 68999479 34397868 24896582 75667466 15346982 40973734 26696000 35982401 69939721 79145052 676457 80180383 47360532 88866763 96837076 23103569 35539503 86548129 85703612 21388800 10145242 6466414 56185233 29924872 60639274 8950055 23681140 4189977 34321974 64284815 70530901 46706594 34359729 85471446 87078457 32820227 38076503 12764951 53445353 68296593 35986232 58308214 68712788 6304911 49873914 74814579 32082641 69501172 68352831 27865154 6113001 84545047 90218613 79845463 55037507 84575429 64810126 2095309 66777517 23881908 79840008 98388576 8330875 39077889 41319695 84853157 46975648 59816935 94618182 13198238 80290290 43905156 19786342 46668592 64882583 64178061 52539580 38262596 48652476 39640718 65453745 97633295 54388267 20178151 12920564 3834277 43283608 18556724 61646795 77662537 36660344 3312119 4798809 27247967 5700025 86167314 9240087 36954725 28780837 81191518 7465578 48137615 93011021 97329572 31613598 92785239 8962761 97113325 89109482 26452471 22266517 4003653 67433601 38649855 49875682 67508895 57987598 78943332 61707732 24012402 57626885 19044980 52718167 4187682 43367983 18731573 98315778 59698921 4650990 78677508 72312831 48637454 75130366 10849124 41690196 87961650 48427869 23795038 60111045 18022247 17241371 41156925 72704977 76275560 31107918 5632395 67211623 23364473 41170803 57096920 55745986 95805539 94294258 79247260 66689968 96252507 53328295 68034193 36277235 79259951 51378605 99473809 87434093 88457209 36826596 84352434 97667992 27737394 81529172 46726716 78370984 40009922 81873781 51013338 49845563 68213144 80977607 30829939 48015972 78979319 745115 86857617 13438405 77810783 65702164 21101471 24380358 49308219 32675674 2915103 67613758 49717440 87657187 16333934 30038474 94089469 83619649 19852442 47978967 70405554 95875740 38895966 54044530 90349337 52814783 71587765 1668024 34980563 92338562 96812261 85840931 79143467 59924223 60552999 14040874 10846131 22792886 15236208 35570000 88177702 77809004 66655242 50769680 66841000 30709171 81694726 21498463 94563439 32113751 82969900 87743020 85761858 60423007 76788778 90676511 56925966 75955430 48628315 13898069 9142129 33945851 2757195 97660286 7303563 20548903 67035819 81549129 40875699 75903452 74308796 25179356 9915913 81232027 4809969 92326494 85371152 96485141 22600646 17905250 82702972 16225627 25782772 39019768 41763578 8946964 74059419 35179131 48041773 91270485 94524855 66370389 24330623 77568928 72454626 60584672 25968389 76313381 56170135 71136627 10573758 80442085 58174427 81714283 95224092 41615965 73261676 50875035 18412223 78624857 31075331 88366367 60822440 52679915 92217655 72951667 534806 7387029 47152361 78500576 48817975 20333052 97739634 51990606 15895530 80644205 53057796 18633188 35697246 64731185 38935639 62929490 35266931
690
16979698 71599432 25033757 63590026 53851401 57290354 65043232 6718937 42215125 20076379 75030923 78212025 46943496 98053812 34659592 86923966 26450413 51855816 82764279 66391179 82144538 6554120 51097756 94849137 74794633 94486846 39901838 87745264 54439951 25952152 63613975 99097421 3597427 13212449 61694528 59583658 80383988 34390392 77559722 54071175 96769596 86126255 72002100 2959444 77997540 58378970 60614038 20869753 3478402 42516239 42778901 92148627 52002655 554192 50526692 77040575 90384881 35524797 44505132 50748876 82694969 22537016 81384860 36591618 86022232 53314118 27482700 28160145 98829003 81966532 703910 29497986 31995025 5701043 65273301 76953190 50724339 66671989 47760914 17575173 41862548 46812794 5644051 6030468 52306291 6558395 67448456 18051090 47092071 42205671 59986578 67401388 96944912 79670666 41760970 73860523 15510812 26473848 51769097 65191555 62334964 30825176 62177901 57529157 63682039 51297603 30056759 32390518 33256936 10301183 51797536 49136497 29077367 58449700 29797645 19153800 27570975 34569700 29301664 57171211 96946421 19814302 9385360 68401382 87356702 28040052 1024105 96529854 42272549 92042080 84432742 74866574 26800964 43852795 10232702 80066661 6943946 57380331 27042065 90634460 83242847 93451272 58431627 21036976 79054302 24961609 70788045 98294903 89380848 27094953 46523776 24348362 78707076 38640541 22300640 65403075 62147022 41487710 4375225 62508712 75767083 39132184 42734993 43728882 92371715 26634406 90783411 7517448 23744187 23235518 97866902 9708678 84965952 30989628 93808991 91592730 1689267 50291685 73076732 26933495 11433489 4826330 44169021 36652585 5648449 4049340 15398410 48218456 82315403 19355527 25546365 31394946 14682295 53716911 43123694 13339633 24913642 27908453 74711129 662791 1142497 89730319 79722860 46133502 82591871 76597012 42597759 28997275 95206754 60353737 52551439 79456761 67865842 46461950 39746217 47620133 30176506 91923778 86776004 15113481 34510824 14883247 55425230 11563512 57094902 61962521 65050497 43962736 88783214 82207497 76797005 37962801 59405032 31152927 96319669 5407797 67476378 82482321 21031839 60087327 21079687 81870487 36232597 52672691 78934474 64761322 8811206 10649988 19095184 88410836 14295042 89487187 24504101 3573883 2336539 89836391 15809346 35732144 48594971 74771980 83797261 31179522 59919562 88756843 80842335 86114009 45150206 86818205 75089215 912376 53036584 15266588 31897636 73049614 78746453 63215120 60956786 80604369 57121761 36428341 97385814 48589753 18602391 70388447 47610407 85397120 16240986 4016063 76856675 84751341 92360768 21401776 60850992 98285868 41688034 36984637 56332784 93940236 72847023 37225642 56212329 61627680 75152582 53785474 32481317 69858961 9157046 6639746 31956508 71604657 84535582 54302471 66186562 56891891 4334048 51316634 13073805 47812532 36250279 31550047 59381977 31222848 9665978 56790284 75341828 37581437 11808829 89623753 63193249 76078822 97869839 46033230 14515175 62590448 41470748 26389298 51631132 30556296 44146440 66595694 59919084 65635948 440279 85393715 9381823 93700479 99809098 65889484 65219838 28823538 96853465 95725285 65433694 57245951 78551926 57839975 77802885 86559668 39105660 30723926 50717129 40404295 31348595 8705627 35135418 89087154 96301812 74668825 64867461 16400620 61880791 35462387 29239154 1964498 1822651 27460999 50886342 31084839 44833259 38841388 71265239 4215013 75377360 61991783 28761290 90442826 12119314 41362644 25227559 90991216 74614323 14135150 6339858 84490410 28420347 69901607 42963494 59005650 50773304 39170718 25771047 48941485 6018788 71270518 94135153 10178726 6939576 60052170 49349274 98036147 78621239 80126115 75039269 58072689 61097088 91658055 8841622 27142478 24327444 8182770 73515340 99230446 89678313 40024494 71616603 82339653 87810451 43330528 19326002 49865811 6031295 49985931 75237168 79237915 64543089 87087606 79787091 70233091 67024359 60222899 9900750 57736956 31402259 44887842 99677018 1373818 44221402 146771 42787930 10941708 74236890 79646972 53524148 74548272 62947243 54145577 88915829 89053364 25594261 86403235 57481053 49555012 69542769 34857395 44782485 665419 3966742 2832611 98678307 46542237 86867633 80087001 42784681 6473274 84603730 15739775 88033149 30668675 72961164 11744637 13951288 58163398 55165434 44312154 92938795 24907794 8574611 69036051 35117122 58889555 30724181 77794121 63481967 53996469 38234899 62300816 81340271 76192070 6549430 82594128 67133771 12619453 6507006 84539768 97431023 9928735 92371190 17413397 96113152 16473814 75846468 82302131 3150061 80910490 27140031 37756458 72941053 28773109 98448004 90360775 34602829 13113241 53467019 66852840 37543387 58099527 21693725 81448608 55425035 48785308 72225771 73505817 11155553 97850810 69956042 8899880 40964691 71955721 86960191 64544961 78845707 56016047 88898871 17477589 71936676 21351572 15118505 97687928 42262362 35680048 14570164 32283623 57101376 88525881 34801123 33875539 59552729 74321161 48211445 32655564 76209577 55218 77317334 92638055 1490166 21853894 84294341 94600068 8374712 98381064 74088952 59887218 98339948 25896171 6171301 36688145 25825290 93342078 28027369 32360548 51804283 93836507 22938803 16055725 75756914 32704480 59250277 24657021 46201112 19996015 82831232 85415013 28562945 22595534 10150572 4872969 53690686 79950240 68803863 37161215 6261841 61163576 85226518 93591339 58729692 75929117 228174 74493975 8423568 76846481 37829304 55190360 14454010 75927391 26329222 77978673 61372932 8840075 79556595 13805091 12042825 31704764 34900329 93168330 63567454 2691098 18332195 3087638 92862422 52284153 40580543 41839129 14617448 19599578 79779898 35384105 9400251 69199880 75680618 75668652 29928082 96699478 46128104 47801083 22348036 47819408 14620345 46001806 94368443 93521715 71818206 44256830 37670055 36806332 50559560 67377550 37027603 43232788 31127514 98527135 65314249 76189115 34383656 80177386 87356768 78963849 44288649 71317922 1132140 26682803 41777568 80091902 97525589 38158027 74829181 13703650 47843584 14253597 79283339 12494113 54036668 24440655 23835769 4487801 71553394 84881632 74352985 80520831 69987369 37505723
478
81223857 83769805 51887823 9654811 42355499 48915234 28433341 10835006 3506239 66919543 16801380 73814334 34393145 80117215 69422077 13517450 23983183 63216365 96873958 27197553 3029108 85931231 89465474 32107012 94894315 88373065 97538661 5288745 89332410 57062356 17343730 95044149 98732222 14482710 87554093 91964252 20125497 28512329 95604241 64534707 15112846 32957358 3756749 2964480 99168727 99168886 29792967 95590595 76521236 81582584 90883337 55264092 96388618 22760036 19339903 9308500 44781307 56582632 84237575 76294284 44116287 49982253 47363671 35188434 56895466 7690448 4685598 60893757 9931260 84336041 89746244 76224093 99897376 27085381 7131444 41785318 52934451 69807121 70399474 42739777 90223915 39024142 24454617 25796946 53453408 2582065 26288354 41884949 6707837 45695657 88890267 4910105 92073679 56484302 86249010 81276725 67978725 20512625 18258062 84181908 28854854 84565329 86445800 80045461 35126025 50882705 55220044 7610336 89903803 38574444 57389769 61960472 32132451 38104317 56835029 51419837 25954946 64253612 10729321 50413718 69427389 74521087 16787762 45310887 58237098 56225768 66925232 33774668 74738302 32995260 77072486 2767339 83222439 33259514 84968041 46441716 90281688 84239918 73726476 22961720 24421714 20933483 85336071 42993901 86310556 90038492 73291743 77854567 55972935 83186756 27729752 51467246 60254998 33874720 53120374 63522870 41722413 66246579 3293943 33219453 97913338 1761741 21833794 9990922 92010218 27075951 4295745 54691705 79789065 40056508 85639563 54052580 12561222 75304073 72358580 30759714 50115643 28342846 79556679 48965179 90622572 40024322 91868776 63842109 56460541 4102826 35662665 68751191 51799815 21589453 66866815 70456044 7901077 49466743 88573581 12989957 4834914 4007838 8005401 78900894 25161652 74317419 8756596 88249091 39296764 39577992 11224779 51954761 19950886 22038357 49859091 73770132 52505694 63578362 83681506 61607688 73825354 20786933 4219098 96287246 50179534 3027854 38316069 22959832 96574998 77739552 818456 27920322 80273160 75356597 91301270 82341211 29684070 99809412 97230724 69381541 26102379 5426743 90838130 94691547 43593999 10416209 91647271 35698419 72312162 75060234 28952854 78330932 20104198 96771169 96657627 38378747 84691628 24658475 65699140 29629491 21039722 61388524 72190508 48430974 78902248 57355386 95442249 4157013 95484468 76510657 6833018 71080337 14117382 55168070 53042865 17892795 35648515 63351075 65758562 98498095 60368472 26353834 48630245 76326616 18157966 92604649 47395957 99738613 90601138 36022429 98076055 65175294 20260033 74393445 6927569 2544062 2334572 42258642 37607491 9599646 5665046 62165646 10812508 61691001 39241421 92005531 98139400 98164871 87957773 67655359 18964205 46799681 18339347 4040578 18486167 98607013 44274679 12652888 59630639 2298031 2294583 78822369 43334517 67145896 81076990 23468277 65298982 69650649 71643285 91127854 22172688 23066859 42779554 7295715 74440028 88398612 69509376 25467954 61990318 96973803 42338637 1314726 81957851 31420072 49088300 69526042 13180774 60365868 65048172 34578949 32534410 40617786 53238319 59618523 4882608 233939 10552607 65302589 28771670 44451018 83013593 24253693 85967989 52632899 92445236 55053168 7622154 57222390 28722069 36369685 81682117 39704553 29032932 60616006 93603793 45078008 4621588 93169291 96719460 76992116 45899721 29971547 80777724 94891379 42514255 18510157 93759465 42877746 97921542 77576933 36622504 41772112 73764943 23413669 66923673 10117318 67768030 96564480 21147669 46872658 74550158 16456273 89484132 27502880 22199191 49276048 18133931 1766811 51295907 37688297 24052434 8334756 98933151 87078259 26586888 55125821 32240279 14457459 82131201 16270995 43681961 32923739 55809254 56644997 11829090 77829285 39902179 92839826 51165031 80131623 86766605 72960028 18561235 54080915 90365876 73363027 96576690 77589276 67879865 13128647 16915724 10617196 36922693 4347368 46900089 64632076 7718486 84686005 96759183 76001049 68471651 40097750 24123519 76870202 46316762 76840989 50577724 52184666 52067530 58109839 96537531 71954544 44025802 97824523 75405350 33552547 94434979 22565090 91540200 13814809 71443652 47337136 29998808 94413108 55640435 9897068 33627189 30785540 76965676 81253042 44572141 97214876
862
90770226 81889844 804541 58601097 50255706 49861835 63719915 85237918 76478824 66714817 41490565 75829145 74570321 83689471 48747726 6622084 28420248 39870429 58188746 42660176 20794775 66785161 22066211 83489534 15779675 6854282 4675065 30276484 1082987 32375606 60235834 21943469 45685634 20557267 91323628 94002218 42459594 59309305 48123580 82730756 19102116 39894074 64799848 92941228 47078496 51991186 39665236 98685296 75392912 17583273 67140908 28007943 16691400 92504101 48530841 66210115 71388676 1301051 62284045 55070810 7581065 42679839 67163103 20722796 64137638 58726900 5397853 78743474 25333326 14540625 22379573 39733816 56593395 30773423 87665364 81856972 48486516 57516041 93132292 39387177 43836746 71149209 78979120 65925136 2675220 11289436 51916262 70959047 89813712 80782485 97146378 74406129 52251822 88578413 4826129 39916758 21837033 96726621 93417304 97708122 45743698 63625272 21263459 30926547 90908188 28792212 25929936 35806573 40941760 98165423 39426164 71157258 89313563 79529525 83671046 21219697 64541983 83665239 86248771 7774667 75055595 41113444 19703886 5906392 7972206 22392916 15996872 84265144 29460278 28901509 98742938 91693328 78557487 35407784 64582890 76885699 80720662 96688806 44793023 62315129 58640704 35200439 8940834 89675089 40372903 79846394 25883312 88868037 73170453 87364309 29080532 217143 63630789 9047519 6208687 34033727 64724614 36943725 98019911 41763556 48711996 21088785 13369202 60937198 2154512 84303997 29464121 57974848 70176339 41852484 36032681 15446312 68379304 76636144 31138680 18230696 47508872 97067744 17172647 40572420 8330322 43801885 34869115 62614967 18514607 32873291 16434539 95331284 31942260 49185577 63002045 58940149 99157490 98716773 18657130 9433858 86600659 68383764 40929042 70826944 50088751 35489675 30976088 40302745 88060387 15197758 14496364 56492119 71453568 28838314 15023485 61412164 50992438 14125435 79448807 79964783 46174611 30113625 4762079 7223659 36282637 54230182 36264666 86914525 42124179 64101185 90365255 79751670 77141505 80713531 25446323 42399059 75072628 70583493 87788716 67420185 74001781 40516910 740992 97969463 35229742 3558669 79810404 42512148 12642285 25323302 52785689 2989365 9002509 75184587 50342262 83258458 71744401 36629883 4010821 34446655 57736511 17218825 38718270 21270192 32533601 5189638 83245515 71368584 49042885 18436481 65343533 71753930 74967014 28790727 82180875 84194554 39437558 25750056 63963176 75672550 34267060 52258579 99872737 8353991 42166041 79816189 11631707 66647594 91254395 27541149 8494496 25033004 13363002 33852995 21032357 60445085 91095748 27088224 55664411 63531844 20890118 5921842 9819732 56248681 97472631 35383335 99544186 27701844 12952185 64069274 51532872 45305754 88118148 87934051 89309777 28840228 96044535 49716848 58330919 68743682 21308462 29355130 95173769 94475226 37301200 7738282 56417900 19251311 5616277 29924914 13694403 23083722 20206126 28523094 13130189 75899156 23744651 75610894 22259768 8275332 10001800 44888408 88297115 69901703 73173064 96777233 87940163 72881309 17821385 70368331 77034333 47864015 41032056 63304699 16890367 4239502 73341094 17902482 27635351 47839904 50731665 28704898 71615956 70186908 52914817 2617461 86802664 95047655 54070699 64950955 11321205 52435307 17750445 65724575 87209677 33420184 64787735 19320816 75451203 45077160 22257389 72255829 25295043 16817236 7790708 17998534 55695465 36999953 4177447 71299912 79585303 43131919 74744325 9535091 92822153 58531947 77006085 43968695 60166485 64365204 63894761 53329814 45031672 20296095 37948265 52156121 35806094 59838453 70194661 49092217 65598334 35948683 32595237 95732737 37724871 90442868 91623285 46301092 52320799 33408181 83013424 32120132 79607711 79136839 66757031 38123663 72319849 50370937 45260111 37235913 53354809 49032317 57116423 43362574 77623749 93994592 96091568 15236871 65600937 64435783 33287822 16868846 40727387 76937412 65034373 75906041 79637512 89036294 55814600 84418832 19519983 10838792 74451128 63806216 17971411 80760338 99828462 4264622 34832096 44903882 14999135 82839663 43230073 94215209 45294082 7935332 30976241 12329912 87677035 38802356 46163958 37242258 54507591 73900237 24504149 35987142 57718544 25058117 71772287 84351031 55564371 82482772 82903562 39929078 69048736 92814330 69469685 53425546 56457114 80347452 79434383 53474090 23019873 26630510 13736589 28315337 62431643 42314236 23740860 82943361 61432558 56698000 56998236 58026342 33248282 54901252 79476853 38653127 23450575 83732314 67177656 34474856 78469773 42174717 53914622 25408766 1468013 28791114 87778079 35679379 51522315 75311594 66197450 29843223 60449377 2580804 31142773 171150 33241369 32682339 92175982 78021703 86523099 85590826 55901746 95078229 54683912 14758241 83747652 78732859 72402775 17199790 32527168 12914965 32374536 34244639 6776382 90495596 92125411 22941323 15172635 48309704 80862542 44577152 76514325 27229840 57045689 66645134 36923001 33097709 65778600 55118131 97233515 87739728 69719007 22894981 35521348 57036454 86746404 84799652 74454290 78719209 47447319 98509233 32791492 84727081 72391528 16255559 42320278 8056026 15123066 98945264 22961408 52159558 19957776 66857045 55203161 39825578 88971676 41680857 61550510 58515113 50804986 16932635 23779750 39430780 70143462 54500759 21987439 63094141 85197430 66800061 65924770 85374612 10220200 54350019 40500877 67478346 63646387 98127712 21462426 46431532 13106863 70075737 89411455 60540940 62729704 54867571 47300179 84676806 78901638 18852585 5267049 26419205 57725614 65774158 91567637 41139914 75909127 64856280 62341734 73973733 49073076 38545194 64502899 46113135 3228996 88172158 78359480 87097770 38715338 52036564 92712859 16140425 94199838 21215228 25853728 9010749 66231613 92987648 23592590 38657612 97408655 36077085 24645201 1870793 55401320 81321933 53389636 85685801 62391009 46676586 71458617 23553304 88629946 72052508 30467101 25591664 24982714 27568127 86394258 48550990 72892575 34479946 37019016 40895331 86138881 94122728 72604948 80305752 92685034 98494535 74822708 67899879 63740204 10068437 44332254 15411415 90225978 31967126 65156005 92462205 48971864 77782020 93084837 54290440 38687376 97816859 48926048 31998402 23429502 95971440 4139168 77832597 93440195 69906734 50876230 35990878 79800969 72653411 49601620 34856471 92807766 39250105 57568174 31517500 4635672 14848832 850813 17066264 17402512 25254213 99769607 40466370 11620968 2735050 42343161 97468 79831027 66485609 58786557 6638398 18082019 92570980 30921071 8928392 33525509 63979014 89011672 81914749 57004160 12067078 90249540 76919744 56850200 89425913 78565324 70629010 83368484 68203236 31673007 8736465 42401317 23262498 28214527 47476698 45606926 95222217 84711990 79603762 52559330 68236562 286257 91858141 94645675 6827027 83044125 53062242 27572329 70567569 25307846 41825856 54972564 88161444 85876926 61667281 40562435 72196195 45931253 2550727 28675033 10958832 85559043 5742466 30556431 19533845 48452182 40184242 16294097 12244406 49621127 86334318 36572760 65350317 103385 92396264 96323209 59274862 71307195 44387737 37773112 88995600 74992731 89723176 42088713 76389486 7296351 71869298 81467051 55432112 61244407 82341133 31292548 38286023 72494763 13117969 28475892 83959122 36174617 1764358 44831442 16722752 53108356 2812206 32909354 5052444 22358440 60802770 71194000 88028576 68159489 80706850 87046608 99733927 7129091 99106794 81742511 99364625 61940416 49023367 31356542 66820805 6359757 14366187 97666614 15097081 87855635 16819962 16467402 56216385 93729038 7584193 55884800 16212733 14834748 10301279 94629162 19135196 50723337 99847198 39375639 88132259 6057465 25359115 80580656 89045371
154
4739222 89197782 85487591 29706262 51961791 25108751 55021603 87632360 48960104 17754902 38128523 2492753 24276316 13483797 47880028 9392033 89876318 88943946 63788220 92879651 20910125 68736496 34917841 68736061 11899152 76814492 83079349 79553794 26111415 71702526 79148648 48759391 35802608 89170651 36769545 71126119 19927029 30910075 82144401 64981869 43477618 26993701 23982284 12913198 5639209 96246784 27132714 22676738 15258848 25117879 31217618 58217140 22898642 35646697 44175551 57500682 7734450 35226338 55460427 8015167 52483521 77418471 38320184 1180648 18226355 50607961 92754565 37403124 90017920 98381425 36731668 83606663 38682249 98017536 32054019 90189856 11041444 41836655 18770342 97633836 11175936 87076310 60690887 85380820 60692157 26254432 82084026 95268197 87972642 2172861 29389269 66668869 366175 26139541 59709123 12585114 3673008 40941219 10344632 18701015 55572772 56896459 74630234 99576141 90577414 25857400 6032450 37867622 95691983 88960928 94253063 66439818 82721288 25668882 22149112 38349808 6797145 72626833 25072444 28066103 6073880 99534598 18281173 48232483 7237924 83677350 15101042 3016942 83059729 61486341 45941115 39689265 6049425 41436317 5357378 96866824 67610135 21744649 59089745 5308553 88623382 47709425 38092350 67836365 27043851 25126609 72910880 58074146 2279258 96697211 63059984 3042583 78311658 26141325
