1 2 3 4 5 
Comparison: 8
Inversions: 3
21 23 32 45 46 65 76 89 
Comparison: 16
Inversions: 13
-31 -23 32 45 46 65 76 89 
Comparison: 16
Inversions: 13
1 2 3 4 5 6 7 8 8 9 
Comparison: 22
Inversions: 29
6871 21134 181091 249802 269953 294934 623664 945804 949507 951026 1076379 1170306 1181465 1362664 1505120 1589786 1613848 1615329 1652005 1737882 1805873 1925532 1931785 1943656 1969748 2153938 2289401 2481905 2517328 2593193 3036440 3139869 3184442 3567553 3574209 3876661 3925893 3929003 4005090 4173662 4254611 4319885 4373960 4470018 4744619 4839231 5179981 5206435 5229880 5929575 5935016 6017165 6120237 6218520 6307523 6411082 6611032 6613289 6822456 6848188 6855325 6869356 6891798 6967187 6969446 6996894 7212982 7212990 7290047 7296199 7585299 7610449 7713729 7765121 7992545 8069725 8139734 8175629 8311974 8445511 8458884 8467167 8551146 8589833 8634035 8682408 8745571 8969306 9044644 9084758 9139952 9279417 9416302 9561712 9584092 9687457 9789911 9936314 10012702 10161049 10190222 10509232 10574323 10651536 10723398 10755784 11033164 11085327 11106927 11118342 11139225 11343137 11900507 11988267 12569545 12609266 12617320 12736083 12750080 13020595 13328665 13359583 13588597 13671199 13687645 13735037 13777268 13797465 13862451 14059703 14121476 14144625 14295565 14382251 14396442 14409633 14488672 14550275 14563284 14732593 14865801 14995697 15008885 15035646 15067450 15098518 15159717 15344386 15541831 15591939 15701590 15729638 15837976 15867393 16166847 16213699 16253903 16259808 16354355 16619458 16734521 16798516 16907787 16932249 17011690 17066625 17228465 17312756 17372748 17373667 17439025 17467460 17508928 17611424 17716197 17838585 18144338 18257946 18283104 18482023 18496148 18599322 18808273 18930634 18961057 18962680 18969103 18970391 19085647 19110639 19321986 19463213 19466679 19504400 19510610 19617112 19690619 19862714 19878569 19981722 20013287 20073759 20308034 20334938 20357255 20687529 20829838 20926794 21042051 21060908 21102623 21141396 21143496 21256489 21286582 21413295 21618149 21635733 21732745 21744238 21832727 21846771 21880733 22026371 22130655 22441580 22571949 22684104 22853992 23064450 23420997 23568703 23581035 24058646 24202176 24444276 24463366 24506474 24510368 24739504 24740971 24761673 24790540 25001591 25027533 25230093 25355813 25516299 25745292 25765133 26054347 26255116 26817712 26907595 26908666 27081701 27234953 27295913 27325930 27592344 27930069 28031566 28067810 28166719 28270221 28361376 28419871 28516899 28576287 28579809 28663755 28830715 29087649 29111257 29147425 29169544 29246930 29272184 29521323 29593154 29820899 29859498 29865517 30132773 30352111 30488068 30562837 30621206 30820176 30875228 30908780 31010119 31099701 31113986 31129015 31382164 31450938 31698763 32081592 32123487 32154903 32394915 32514031 32521039 32562371 32654865 32773980 32993369 33012366 33355507 33517118 33868560 33881023 34009668 34113811 34486993 34504024 34509580 34661655 34756871 34838533 34872435 34921896 34929528 34983171 35087971 35121806 35656390 35862048 35888600 35895204 35958683 35964817 36045075 36076409 36154129 36154582 36175296 36476496 36479756 36620010 36952089 36992328 37066593 37070109 37109029 37119313 37139042 37423118 37579877 38037755 38225842 38301893 38315733 38331879 38389591 38594034 38674547 38676290 38733917 38819133 38833789 38864757 39129117 39143413 39301842 39357351 39491315 39950005 39995855 40342309 40344889 40553340 40902858 41061049 41153870 41195706 41230415 41381452 41535854 41640165 41677382 41933991 41995933 42009777 42043501 42223486 42524753 42531417 42615115 42635650 42658630 42687914 42733864 42982236 43123467 43240400 43323994 43598055 43603440 43781024 43785568 43868253 43942002 43998677 44009211 44102878 44150231 44242443 44369078 44376523 44610922 44641354 44797750 45151658 45188688 45398001 45549801 45715753 45747720 45823367 45859093 46144607 46240632 46256361 46259646 46432204 46459825 46648591 46901858 46958294 47032848 47126820 47179478 47335656 47697922 47771931 47890002 48053793 48097720 48159322 48253804 48356058 48438420 48523191 48549979 48580567 48588555 48619515 48745572 48750081 48767809 48856820 48890947 48902913 49117641 49147312 49303163 49357655 49481667 49486293 49544242 49643714 49679908 49769817 49949886 49988205 50154016 50302854 50344957 50837435 50917763 51073387 51111483 51342304 51540840 51651603 51927135 52103768 52142899 52400685 52427471 52450709 52925732 52980320 53055381 53094041 53252876 53254371 53302604 53363695 53516847 53704645 54149653 54184791 54781338 54781968 54870420 55185630 55241495 55263729 55389516 55461770 55905430 55931155 56316526 56390911 56430596 56820555 56924429 56997411 57105981 57156901 57169128 57205565 57270127 57390277 57434725 57476753 57534649 57580219 57593643 57742435 57940772 58040049 58054390 58106072 58297451 58316819 58505412 58578700 58596633 58601357 58611174 58725526 58786408 58971977 59068427 59125584 59184011 59186405 59253593 59377717 59404379 59486368 59513860 59521804 59592101 59617293 59633615 59779775 59970592 60061194 60208681 60237487 60262913 60307248 60339073 60473150 60490729 60924618 61078115 61126490 61195682 61356820 61553269 61671410 61703331 61903663 61926071 62094037 62239330 62317962 62441245 62555568 62564824 62608015 62680890 62767486 62844573 62885694 63193595 63224253 63313193 63335446 63724299 63765636 63777113 63848972 63859199 64014170 64230595 64253183 64287243 64302488 64365366 64671463 64741551 64764280 64851992 65047144 65114634 65237390 65244867 65477712 65549949 65561847 65639508 65723408 66000286 66168167 66250066 66670330 66704127 66827443 67065718 67126909 67156693 67207291 67255952 67361554 67397866 67426196 67580526 67703360 67840103 67950582 68000183 68736344 68884216 68979338 69173935 69233752 69886025 70083110 70116724 70304204 70440141 70642742 70658332 70707816 70714241 70895416 70983164 70985157 71212213 71235420 71289866 71309497 71463804 71689709 71826427 71964616 71973705 72116358 72267825 72367711 72439468 72471919 72565875 72596328 72723686 73122531 73158101 73186503 73189941 73191719 73219925 73274355 73428734 73558736 73768640 73943670 73946333 74025216 74037343 74277351 74433894 74459131 74638696 74746600 74771991 74793814 74991730 75043475 75107336 75594642 75601620 75753365 75757715 76051869 76086706 76213311 76337810 76358185 76386026 76472077 76486391 76570976 76638137 76864509 76864816 77287280 77322834 77473209 77562813 77572338 77651947 77679346 77748716 77779019 77859080 78143492 78253134 78522894 78669050 78789238 79095095 79130463 79149971 79191076 79203641 79264366 79328853 79532248 79563724 79642016 79876828 80146065 80195017 80237140 80310896 80320084 80434124 80441480 80572871 80655822 80744114 80759662 80989740 81065712 81086546 81301313 81451621 81506148 81513438 81943418 82054422 82130999 82505058 82571317 82661803 82695090 83215724 83376623 83463801 83465103 83512985 83552545 83667352 83688631 83718708 83851124 83860954 83877590 83921222 83989209 83997678 84015190 84094307 84135545 84249563 84437464 84504010 84573339 84757419 84828197 84894532 84896061 84952807 85175990 85671912 85691214 85884971 85907428 85942660 86314284 86366631 86448610 86520273 86522011 86589440 86622588 86954015 87354276 87487758 87630698 87712049 87775363 87861664 88106072 88400475 88411200 88491997 88557308 88672956 88815200 89060138 89239603 89368678 89376268 89408184 89836335 90081767 90253573 90325901 90394994 90405385 90667658 90674069 90676777 90762423 90879125 90929764 91038554 91158611 91272347 91463270 91496631 91513680 91688384 91778772 91823072 91838102 91897066 91910698 92037744 92360457 92495699 92836553 92920117 93103119 93310036 93321115 93420885 93575349 93606233 93607109 93655394 93748741 94171946 94175340 94310338 94499746 94586211 94595186 94712238 94727001 94827339 94850107 94916427 95014226 95034230 95224452 95232456 95821783 95956191 95992405 96150046 96151703 96194358 96255546 96268653 96315726 96373500 96548933 96623675 96732546 96751687 96806844 96937289 96995309 97073202 97097019 97103479 97410680 97458719 97541115 97606890 97710217 97737981 97802890 97845610 97872193 97899057 97916463 98212913 98388959 98396201 98416979 98474710 98475574 98572946 98621722 98794355 98861635 98942547 98997062 99015548 99187132 99275560 99485021 99596399 99719196 99908743 
Comparison: 7833
Inversions: 212696
399748 439599 508981 549109 678298 1025693 1580769 1682255 1993236 2007451 2194881 2226209 2399543 2476800 2513372 2569226 3004288 3473549 3699716 3765409 3826668 3939777 3960764 4094910 4104320 4243643 4261072 4497599 4525430 4595741 4669716 4708134 4795909 4982336 4987316 5007352 5087107 5246385 5363872 5422814 5709726 5767478 5864250 6023409 6385218 6416144 6616915 6781966 6885503 6908354 7050211 7141193 7337892 7370588 7570579 7583825 7606745 7773392 8014067 8022238 8136763 8233580 8291219 8296010 8456576 8866657 8934537 9049266 9049583 9156342 9403434 9406350 9407572 9491421 9520404 9631129 9942386 10055679 10266405 10881369 10903983 11086471 11324438 11358354 11364927 11425476 11486553 11520824 11768751 12164975 12183411 12191045 12343636 12630294 12704055 12971762 13053179 13276940 13318878 13375996 13451701 13621746 13635475 13682813 13730542 13754373 13812491 13814570 13874754 13992165 14310291 14342005 14356951 14369852 14378067 14399114 14487383 14503188 14576159 14783803 14858096 15029642 15072180 15181261 15259601 15384119 15532914 15596708 15896544 15927549 16016636 16099572 16147755 16163868 16244240 16284313 16409449 16414889 16446547 16573890 16648365 16723457 16726415 16731171 16734892 16913177 17019085 17026831 17101274 17192392 17202281 17237239 17315876 17784364 17852727 18009515 18060570 18136684 18255934 18908596 18950928 18972100 19155205 19241463 19312761 19343428 19417139 19430886 19873649 19998191 20061524 20103282 20149687 20188450 20480390 20526666 20598444 20669714 20727683 20808913 20832399 21306154 21452232 21673003 21699777 21733716 22042393 22046622 22172497 22174952 22254752 22286461 22381538 22385679 22541605 22593757 22647847 22926603 22977564 23133967 23224701 23266419 23285938 23679365 23814146 23833422 24258981 24471584 24701819 25173332 25330469 25354370 25399499 25438605 25457195 25570141 25607689 25637999 25697312 25697463 25735651 25962495 26041629 26077712 26096442 26108114 26236698 26463361 26520237 26577508 26800913 26828728 26842653 27274909 27350780 27413591 27517330 27677181 27682766 28041107 28158449 28227755 28429962 28563676 28663330 28760484 28882000 28882478 28960992 29008134 29017602 29480259 29537926 29540161 29563088 29572363 29591069 29748976 29760608 29884883 29958411 30016047 30020460 30440533 30661311 30794104 30842914 30888233 30930189 31475067 31520622 31614155 31625193 31859151 31958781 32022884 32167499 32293525 32422568 32458195 32565134 32605008 32605463 32618404 32698522 32833963 32849154 32945534 33206755 33281963 33335592 33413345 33720078 33833649 34012481 34070167 34090974 34337254 34394107 34637722 34714857 34982518 35003796 35013191 35112162 35362317 35406132 35413822 35441251 35595376 35898154 36005456 36040418 36482308 36507286 36515687 36581436 36659807 36712439 36723178 36888507 37036208 37196458 37338624 37430560 37459505 37486106 37554165 37557099 37719662 37721668 37728254 37736881 37796736 37859473 37897298 37908992 37915209 37929243 38021327 38115907 38291421 38320472 38368516 38613391 38791660 38873850 38969054 39030421 39060387 39143316 39285539 39369672 39430592 39538209 39583763 39601785 40146946 40476041 40569151 40584559 40665808 40703084 40765616 41043599 41117396 41152774 41200820 41203882 41290995 41325685 41331851 41456436 41637141 41743402 41779753 41849126 41854515 41874576 41902966 41915815 41969621 41989331 42208505 42285825 42297496 42403152 42604651 42744175 42807082 42859439 42969125 43128773 43222184 43309016 43410527 43427232 43484655 43704348 44013438 44402261 44527574 44676997 44691707 44695779 44863478 45167733 45585064 45684746 46143224 46181976 46185208 46249819 46309205 46376387 46593983 46595479 46700976 46794283 46888189 46961860 47087296 47224189 47237242 47463746 47534007 47540407 47542626 47732131 47790188 48024685 48200616 48484725 48721256 48827605 48833873 48871543 48949658 48994373 49097501 49371421 49416917 49501426 49638569 49788133 49799756 49809298 49923789 49952842 49989225 50112551 50203553 50278597 50337016 50349631 50373892 50460953 50526007 50539902 50624274 50638982 50839560 50852412 51080887 51244270 51370388 51393574 51417449 51436052 51485715 51623676 51973474 52035788 52041336 52188203 52357509 52362908 52644383 52842046 52866410 52901211 53164343 53188857 53394674 53415229 53560032 53818644 53867570 53900985 54002566 54064737 54237648 54245086 54477034 54514785 54583667 54769858 55045670 55170459 55216481 55253988 55288860 55440038 55601922 55608567 55777022 55780025 55948732 56176746 56232578 56431746 56491156 56562906 56794241 56923528 57003231 57017706 57031262 57122320 57161692 57283288 57564660 57587946 57761491 57806956 57901945 58098366 58248008 58309721 58335999 58454101 58514643 58609479 58621172 58836858 58871867 58892676 58900394 58911059 58912936 59072048 59077305 59176934 59236756 59338346 59343440 59516746 59814521 59855272 59860080 59875690 59953428 59968650 60199290 60746984 61226832 61500990 61523659 61715475 61816874 62318808 62362564 62503059 62628072 62837358 62954176 63184003 63223292 63818352 63840783 63912884 64089303 64098887 64115616 64259862 64384264 64407608 64721904 64830368 64979286 64993809 65053221 65184303 65382698 65390265 65454489 65478719 65519241 65575181 65657184 65924487 65977195 66165627 66404988 66459664 66468120 66525446 66770671 66874609 66908363 66928501 66983129 67167455 67176057 67310172 67341849 67370184 67607528 67636130 67703293 67732317 68059116 68065766 68086741 68089256 68361627 68440242 68515087 68574027 68604925 68611804 68656242 68883525 68895420 68936075 68995058 69035285 69143581 69212788 69225660 69234199 69278977 69282166 69795981 69870736 70107723 70242113 70315141 70437270 70602671 70666454 70741256 70801460 70822096 70845477 70930713 71168615 71226786 71504164 71599646 71727673 71796854 71877173 71982917 71997539 72105523 72116277 72311627 72313774 72388741 72396796 72410634 72526385 72968694 73016665 73070833 73205630 73388552 73527044 73573545 73630398 73649583 73705630 73747396 73808108 73910693 73941394 74054087 74186655 74311528 74542285 74736826 74790419 75083981 75376844 75469480 75556261 75764342 75764482 75852644 75864515 76172574 76248541 76266313 76360819 76372422 76459902 76478498 76538908 76688655 76741115 76771531 77005822 77022483 77202646 77297949 77307779 77498872 77509874 77643671 77895726 78327925 78554419 78561836 79023431 79038050 79345312 79607224 79628872 79751019 79809044 79896403 80120898 80198570 80484357 80592693 80865572 81115720 81215230 81257297 81263257 81314026 81545667 81913702 82074840 82254047 82297710 82370346 82497592 82508664 82651846 82715348 82784148 83189931 83305120 83323079 83355430 83395928 83421442 83544708 83582049 83760058 83897491 83962331 83982988 84013359 84022281 84048192 84064683 84082030 84262030 84732216 84852915 85166588 85388887 85675213 85794283 85889231 86092280 86106929 86237132 86254955 86414787 87047303 87356125 87542186 87603510 87623974 87812269 87916948 87947461 88591460 88621515 89018783 89436377 89509927 89630444 89654022 89813167 89940494 90046946 90238768 90271885 90283561 90340934 90343470 90364504 90383767 90553403 90701627 90753679 90792826 90861212 91009951 91133786 91816571 92044184 92084293 92099287 92099843 92202225 92226902 92276822 92383331 92474279 92771818 93028567 93058583 93310097 93464968 93466712 93482253 93555802 93846665 94240893 94320266 94557494 94954150 95106993 95240948 95373271 95481687 95585344 95614674 95628403 95651935 95764340 96313620 96506156 96665225 96666264 96667693 96880582 96995117 97039414 97040602 97075453 97543664 97594138 97610728 97947610 98123482 98130913 98220124 98228210 98236708 98463114 98553976 98580754 98589511 98600183 98669429 98718475 98767717 98851558 98907107 98931733 99068834 99159938 99257514 99666122 99750715 99779413 99936491 
Comparison: 7435
Inversions: 194886
8676 461062 1339099 1386311 1957901 2666837 3318697 3579379 3685282 3719279 3766164 4265103 4726655 4776505 5326993 5374089 5388058 5615737 5675390 6486649 7136929 7528039 7658460 9079775 9148004 9572958 9792675 10012255 10119126 10121240 10180181 10423871 10512401 10749712 11280869 11618671 11664013 11857916 11962761 11992106 12706872 12805147 12907304 13000050 13518509 13693584 13718207 14022637 14031325 14721176 14957708 15345088 15450497 15522970 15740563 16036587 17199040 17487443 17794415 18041587 18063759 18253890 18710597 18790587 18901382 19876493 20616655 20909009 22055141 22289706 22489187 22962402 23043476 23138894 23235616 23766838 23989527 24207856 24237162 24692153 24860737 26318660 26370494 26464640 26565793 26665277 26737451 27314156 27494615 27728990 28171305 28408300 28468545 28548273 29463755 29869324 30365687 30902041 30970974 31600894 31861753 31878479 32269077 32631676 33799470 34350917 34404615 34473750 34836482 34991065 35066299 35072145 35511253 35638035 35938645 36733940 37056736 37591359 37690077 37958306 38209931 40437674 40754214 40981949 41391613 41535597 41920164 42087546 43467114 43635723 44497944 44630181 44973350 45272900 46177294 46331438 46475236 46841065 46854497 47143575 47162058 47670453 47709678 47931788 48118896 48194322 48233199 49756564 49898615 49907589 49913979 50254718 50262698 50596769 50638726 50652003 51326822 51659286 52737075 52739234 52937881 53127350 53203165 54424031 54569835 54618232 55104817 55384098 55571354 56467614 57036702 58140190 58226335 58626608 58735023 59049457 59456930 59709913 59715979 59723578 59767874 60826932 61083146 61887500 61910468 62670010 62714196 62889863 62919639 62984222 63060071 63168561 63543178 63867339 63985162 64606564 64771992 65604050 66041822 66926021 67044448 67151635 68467909 68956841 68957853 69257031 69292772 69453521 69892146 70143473 70240024 70896832 71359628 71364769 71367298 71774438 71785506 72130188 72336740 72850952 72981893 73147613 74002004 74337990 74636625 74813192 74855392 74941591 76112029 76275652 76612064 76814255 77370388 78196907 78873863 79059714 79245094 79495660 79617378 79792319 80274745 80275710 81157843 81330690 81584871 81697732 81701632 81883006 82076296 82464244 83712835 83747465 84500404 85194038 85338620 85434782 86095965 86873220 87033422 87686709 88207540 88339243 88756582 88846400 89161405 89446815 90075678 90331657 90536005 90786097 91020247 92686110 93624594 93775984 94095716 94435328 94521225 94737099 94977334 95119882 95160474 95272191 95324480 95653966 96527287 96684409 96725870 96769196 97164588 97499564 98095489 98375299 98471704 98492417 98695793 98737707 99126779 99485542 99893053 
Comparison: 2098
Inversions: 22549
218991 275075 531894 809688 934590 951501 1055120 1226787 1250310 1260383 1395869 1469087 1570120 1642636 1728531 1853760 1988521 1993238 2431534 2541889 2683636 2759619 2912288 2987129 2990416 3001264 3006693 3488055 3616417 3618881 3736446 3905934 3919872 4158674 4258613 4545749 4743543 4871821 4911065 4942666 4997116 5159642 5475499 5600456 5622483 6013460 6036755 6058864 6123835 6191266 6196360 6226886 7410343 7574487 7794170 7949053 8034847 8557545 8889789 9094161 9209750 9825446 9879782 9991560 10061593 10390360 10455246 10742613 10877494 10960771 10988854 11059436 11321436 11336669 11517986 11719548 12611694 12623008 12966637 13092317 13574603 13581474 13784491 14056506 14235313 14455346 14457831 14780526 14895829 14979114 15276262 15508136 15529676 15591132 15775073 15805449 15827761 16634769 16943407 17203175 17614320 17667109 17859894 17889087 17928638 18003492 18101513 18342928 18901773 19729299 20103727 20121167 20921007 20927877 21371187 21643497 21931653 22068237 22360587 22455928 22576044 22622829 22655084 22759404 23105162 23166295 23403023 23469233 23516205 23844835 23904711 24228010 24293057 24497415 24509306 24548330 25005530 25035976 25058027 25092929 25189305 25221526 25307825 25341392 25495759 26140824 26495496 26602318 26803647 27145478 27207851 27362027 27487445 27540805 27570524 27602764 28045699 28244034 28351110 28370515 28537004 28673231 28741003 29110128 29132018 29213571 29384787 29416190 29463236 29515326 29541597 29752749 30069797 30311757 30362422 30362654 30389130 30402050 30870599 31007072 31029069 31263003 31639598 32411813 32843266 33018148 33138407 33154533 34015393 34258596 34261247 34277630 34437346 34444756 34498197 34655286 34909522 35044116 35087795 35091233 35103580 35161185 35419015 36003525 36049191 36499643 36760773 36956513 37310636 37418333 37538387 37599501 37662102 37750016 37755816 37825924 38055996 38058656 38170527 38239953 38301950 39065261 39545286 39821574 40125421 40529563 40546879 40713776 40922215 40961134 41651217 41845148 42132930 42276764 42596626 42660455 43051743 43105783 44013989 44355236 44594070 44806430 44851518 45019610 45226040 45245446 45530084 45768718 45783936 45847766 46104709 46490505 46558132 46969575 47040046 47069015 47086079 47209709 47675418 47785417 47811018 47812855 48006092 48381473 48503603 48540590 48587245 48645582 49293261 49410526 49502189 49864838 49899127 49974699 50088798 50166332 50436225 51039269 51213126 51292509 51625434 52056983 52099746 52109976 52130010 52284929 52285591 52626774 52758342 52916778 53103189 53446864 53820039 54002346 54047535 54056790 54098744 54350474 54611831 54716905 55376773 55526264 55588540 55749620 55804993 55926610 56021757 56072934 56223558 56482615 56636499 56857699 57107611 57169558 57242433 57339866 57595018 57631652 57712175 58630453 58757506 59186822 59212707 59375652 59629518 59694980 59920904 59977810 60031545 60238819 60470728 60545903 60728694 60931380 61075207 61157845 61578844 61589678 62064200 62174576 62471526 62535804 62597175 63035130 63312021 63335294 63480004 63570331 63593468 63841686 63889574 63985308 64138637 64402900 64600637 64778227 65033765 65349748 65360825 65502205 65521873 65767436 65789467 65799960 65880110 66115512 66171715 66302678 66563086 66603888 66635947 67132958 67253402 67277867 67673765 67808388 67980175 68274814 68721878 68742896 68933147 69240270 69999110 70310675 70416865 70441954 70526961 70532848 70780037 70787720 70882352 71058655 71080685 71255240 71301729 71856549 71906421 71994079 72526907 72538730 72613446 72748387 73126291 73577623 74082731 74231308 74302051 74303454 74587145 74687405 74849781 75167935 75209488 75674434 75934454 76078540 76234645 76512934 76576706 76623697 76662412 76755646 76766230 76914526 76923135 76926314 76936126 76976846 77346676 77519738 77684667 77752450 77959450 77997932 78636756 78685976 78771560 79052515 79118019 79169806 79238408 79289208 79453056 79466993 79604039 79645817 79753940 79792198 79823691 79832885 79857670 80011620 80408903 80409485 80602784 80748085 80930054 80937750 80949994 81000261 81049720 81050646 81262253 81321139 81416833 81462006 81541903 81617176 81820921 81969479 82130404 82151667 82366407 82383777 82404686 82433229 82567280 82744392 82906420 83134369 83164815 83441743 83453072 83506461 83541513 83553104 83626221 83726231 83811848 83955211 84077550 84180272 84209430 84239236 84270653 84310917 84660243 84828491 85327335 85357162 85982139 86030721 86034081 86335651 86852908 87620947 87685852 87820285 88093437 88345078 88689564 88730996 89161149 89318777 89366160 89702500 89756825 90287084 90383178 90507579 90527349 90548464 90554352 90711068 90760982 91949041 92098385 92120708 92229244 92274363 92314978 92473026 92724729 92935404 93414456 93501603 93614073 93943211 93958036 94435626 94574971 94605562 94854489 95172832 95269856 95662904 95735040 96090466 96400279 96520358 96841044 97094046 97465127 97548383 97788253 97789985 97945341 97961880 98232513 98500124 99081610 99088317 99591550 99669565 99911189 
Comparison: 4468
Inversions: 81897
343097 534806 676457 709109 745115 1132382 1169195 1479222 1668024 1866370 2095309 2172701 2540956 2640109 2748442 2757195 2915103 3118720 3312119 3742218 3834277 4003653 4187682 4189977 4650990 4723980 4798809 4809969 5070537 5463612 5632395 5700025 6002207 6060361 6113001 6143810 6304911 6385752 6466414 6794974 7303563 7314300 7387029 7465578 7844101 8000894 8283987 8318138 8330875 8520294 8946964 8950055 8962761 9142129 9240087 9336321 9345405 9904040 9915913 10145242 10573758 10846131 10849124 11323266 12623019 12764951 12920564 13059522 13198238 13438405 13898069 13911917 14019722 14040874 14122409 14205723 15236208 15328051 15346982 15895530 16225627 16234579 16333934 17155867 17241371 17905250 18022247 18124089 18412223 18556724 18633188 18653892 18731573 19044980 19270694 19733754 19786342 19852442 20178151 20277474 20333052 20548903 21101471 21388800 21498463 21609154 22266517 22600646 22792886 23007396 23103569 23364473 23681140 23692602 23795038 23881908 23890033 24012402 24330623 24357873 24380358 24729503 24896582 25179356 25482533 25782772 25968389 26315559 26452471 26509952 26534519 26696000 27143638 27146825 27247967 27737394 27865154 28070374 28583077 28780837 29341657 29423358 29924872 30038474 30709171 30829939 30999980 31075331 31107918 31613598 32082641 32113751 32675674 32820227 33269055 33740891 33945851 34216639 34321974 34359729 34397868 34910178 34980563 35159185 35179131 35266931 35539503 35570000 35697246 35982401 35986232 35996585 36277235 36520038 36660344 36826596 36954725 37277968 37925871 37948701 38076503 38262596 38530140 38649855 38653911 38895966 38935639 39019768 39077889 39640718 40009922 40761975 40840398 40875699 40973734 41156925 41170803 41319695 41615965 41690196 41763578 42095164 43283608 43367983 43391543 43771018 43905156 46234992 46668592 46706594 46726716 46963045 46975648 47152361 47360532 47562181 47978967 48015972 48041773 48137615 48427869 48628315 48637454 48652476 48817975 49308219 49717440 49845563 49873914 49875682 50028770 50769680 50875035 51013338 51268536 51378605 51579919 51838037 51982007 51990606 52036395 52539580 52679915 52718167 52814783 53057796 53213416 53328295 53346616 53445353 53655530 54044530 54388267 55037507 55745986 56170135 56185233 56281835 56925966 57096920 57626885 57987598 58083397 58174427 58212050 58308214 58734036 58858595 59698921 59816935 59924223 60111045 60423007 60552999 60584672 60639274 60822440 61646795 61707732 62580365 62725036 62929490 64178061 64284815 64718739 64731185 64810126 64882583 65031464 65453745 65702164 66370389 66655242 66689968 66694903 66777517 66841000 67035819 67211623 67433601 67508895 67613758 67893082 67967665 68034193 68213144 68296593 68352831 68712788 68999479 69501172 69939721 69991922 70405554 70530901 71136627 71587765 71975363 72312831 72454626 72704977 72951667 73261676 74059419 74308796 74664109 74814579 74899760 75130366 75143937 75667466 75802240 75903452 75955430 76097711 76275560 76313381 76788778 77568928 77599428 77623125 77662537 77809004 77810783 77998498 78370984 78500576 78611885 78624857 78677508 78887053 78943332 78979319 79143467 79145052 79247260 79259951 79840008 79845463 79916943 80180383 80290290 80442085 80644205 80760479 80977607 81191518 81232027 81529172 81549129 81694726 81714283 81742640 81873781 82295021 82702972 82922542 82969900 83619649 83759573 84203574 84352434 84545047 84575429 84853157 84994576 85371152 85471446 85703612 85761858 85815468 85840931 86121707 86167314 86548129 86857617 87078457 87245331 87434093 87641193 87657187 87743020 87961650 87991336 88177702 88366367 88457209 88866763 89058196 89109482 89478681 89572800 89623982 89853248 90218613 90349337 90601658 90676511 91270485 92217655 92229149 92326494 92338562 92368362 92531104 92785239 92869359 93011021 93550324 93788836 94046963 94089469 94294258 94524855 94563439 94618182 95224092 95561808 95617244 95631838 95690590 95805539 95875740 96094777 96252507 96378133 96485141 96812261 96837076 97113325 97135097 97144533 97279524 97329572 97633295 97660286 97667992 97739634 98315778 98388576 99473809 
Comparison: 3494
Inversions: 48617
55218 146771 228174 440279 554192 662791 665419 703910 912376 1024105 1132140 1142497 1373818 1490166 1689267 1822651 1964498 2336539 2691098 2832611 2959444 3087638 3150061 3478402 3573883 3597427 3966742 4016063 4049340 4215013 4334048 4375225 4487801 4826330 4872969 5407797 5644051 5648449 5701043 6018788 6030468 6031295 6171301 6261841 6339858 6473274 6507006 6549430 6554120 6558395 6639746 6718937 6939576 6943946 7517448 8182770 8374712 8423568 8574611 8705627 8811206 8840075 8841622 8899880 9157046 9381823 9385360 9400251 9665978 9708678 9900750 9928735 10150572 10178726 10232702 10301183 10649988 10941708 11155553 11433489 11563512 11744637 11808829 12042825 12119314 12494113 12619453 13073805 13113241 13212449 13339633 13703650 13805091 13951288 14135150 14253597 14295042 14454010 14515175 14570164 14617448 14620345 14682295 14883247 15113481 15118505 15266588 15398410 15510812 15739775 15809346 16055725 16240986 16400620 16473814 16979698 17413397 17477589 17575173 18051090 18332195 18602391 19095184 19153800 19326002 19355527 19599578 19814302 19996015 20076379 20869753 21031839 21036976 21079687 21351572 21401776 21693725 21853894 22300640 22348036 22537016 22595534 22938803 23235518 23744187 23835769 24327444 24348362 24440655 24504101 24657021 24907794 24913642 24961609 25033757 25227559 25546365 25594261 25771047 25825290 25896171 25952152 26329222 26389298 26450413 26473848 26634406 26682803 26800964 26933495 27042065 27094953 27140031 27142478 27460999 27482700 27570975 27908453 28027369 28040052 28160145 28420347 28562945 28761290 28773109 28823538 28997275 29077367 29239154 29301664 29497986 29797645 29928082 30056759 30176506 30556296 30668675 30723926 30724181 30825176 30989628 31084839 31127514 31152927 31179522 31222848 31348595 31394946 31402259 31550047 31704764 31897636 31956508 31995025 32283623 32360548 32390518 32481317 32655564 32704480 33256936 33875539 34383656 34390392 34510824 34569700 34602829 34659592 34801123 34857395 34900329 35117122 35135418 35384105 35462387 35524797 35680048 35732144 36232597 36250279 36428341 36591618 36652585 36688145 36806332 36984637 37027603 37161215 37225642 37505723 37543387 37581437 37670055 37756458 37829304 37962801 38158027 38234899 38640541 38841388 39105660 39132184 39170718 39746217 39901838 40024494 40404295 40580543 40964691 41362644 41470748 41487710 41688034 41760970 41777568 41839129 41862548 42205671 42215125 42262362 42272549 42516239 42597759 42734993 42778901 42784681 42787930 42963494 43123694 43232788 43330528 43728882 43852795 43962736 44146440 44169021 44221402 44256830 44288649 44312154 44505132 44782485 44833259 44887842 45150206 46001806 46033230 46128104 46133502 46201112 46461950 46523776 46542237 46812794 46943496 47092071 47610407 47620133 47760914 47801083 47812532 47819408 47843584 48211445 48218456 48589753 48594971 48785308 48941485 49136497 49349274 49555012 49865811 49985931 50291685 50526692 50559560 50717129 50724339 50748876 50773304 50886342 51097756 51297603 51316634 51631132 51769097 51797536 51804283 51855816 52002655 52284153 52306291 52551439 52672691 53036584 53314118 53467019 53524148 53690686 53716911 53785474 53851401 53996469 54036668 54071175 54145577 54302471 54439951 55165434 55190360 55425035 55425230 56016047 56212329 56332784 56790284 56891891 57094902 57101376 57121761 57171211 57245951 57290354 57380331 57481053 57529157 57736956 57839975 58072689 58099527 58163398 58378970 58431627 58449700 58729692 58889555 59005650 59250277 59381977 59405032 59552729 59583658 59887218 59919084 59919562 59986578 60052170 60087327 60222899 60353737 60614038 60850992 60956786 61097088 61163576 61372932 61627680 61694528 61880791 61962521 61991783 62147022 62177901 62300816 62334964 62508712 62590448 62947243 63193249 63215120 63481967 63567454 63590026 63613975 63682039 64543089 64544961 64761322 64867461 65043232 65050497 65191555 65219838 65273301 65314249 65403075 65433694 65635948 65889484 66186562 66391179 66595694 66671989 66852840 67024359 67133771 67377550 67401388 67448456 67476378 67865842 68401382 68803863 69036051 69199880 69542769 69858961 69901607 69956042 69987369 70233091 70388447 70788045 71265239 71270518 71317922 71553394 71599432 71604657 71616603 71818206 71936676 71955721 72002100 72225771 72847023 72941053 72961164 73049614 73076732 73505817 73515340 73860523 74088952 74236890 74321161 74352985 74493975 74548272 74614323 74668825 74711129 74771980 74794633 74829181 74866574 75030923 75039269 75089215 75152582 75237168 75341828 75377360 75668652 75680618 75756914 75767083 75846468 75927391 75929117 76078822 76189115 76192070 76209577 76597012 76797005 76846481 76856675 76953190 77040575 77317334 77559722 77794121 77802885 77978673 77997540 78212025 78551926 78621239 78707076 78746453 78845707 78934474 78963849 79054302 79237915 79283339 79456761 79556595 79646972 79670666 79722860 79779898 79787091 79950240 80066661 80087001 80091902 80126115 80177386 80383988 80520831 80604369 80842335 80910490 81340271 81384860 81448608 81870487 81966532 82144538 82207497 82302131 82315403 82339653 82482321 82591871 82594128 82694969 82764279 82831232 83242847 83797261 84294341 84432742 84490410 84535582 84539768 84603730 84751341 84881632 84965952 85226518 85393715 85397120 85415013 86022232 86114009 86126255 86403235 86559668 86776004 86818205 86867633 86923966 86960191 87087606 87356702 87356768 87745264 87810451 88033149 88410836 88525881 88756843 88783214 88898871 88915829 89053364 89087154 89380848 89487187 89623753 89678313 89730319 89836391 90360775 90384881 90442826 90634460 90783411 90991216 91592730 91658055 91923778 92042080 92148627 92360768 92371190 92371715 92638055 92862422 92938795 93168330 93342078 93451272 93521715 93591339 93700479 93808991 93836507 93940236 94135153 94368443 94486846 94600068 94849137 95206754 95725285 96113152 96301812 96319669 96529854 96699478 96769596 96853465 96944912 96946421 97385814 97431023 97525589 97687928 97850810 97866902 97869839 98036147 98053812 98285868 98294903 98339948 98381064 98448004 98527135 98678307 98829003 99097421 99230446 99677018 99809098 
Comparison: 5650
Inversions: 118472
233939 818456 1314726 1761741 1766811 2294583 2298031 2334572 2544062 2582065 2767339 2964480 3027854 3029108 3293943 3506239 3756749 4007838 4040578 4102826 4157013 4219098 4295745 4347368 4621588 4685598 4834914 4882608 4910105 5288745 5426743 5665046 6707837 6833018 6927569 7131444 7295715 7610336 7622154 7690448 7718486 7901077 8005401 8334756 8756596 9308500 9599646 9654811 9897068 9931260 9990922 10117318 10416209 10552607 10617196 10729321 10812508 10835006 11224779 11829090 12561222 12652888 12989957 13128647 13180774 13517450 13814809 14117382 14457459 14482710 15112846 16270995 16456273 16787762 16801380 16915724 17343730 17892795 18133931 18157966 18258062 18339347 18486167 18510157 18561235 18964205 19339903 19950886 20104198 20125497 20260033 20512625 20786933 20933483 21039722 21147669 21589453 21833794 22038357 22172688 22199191 22565090 22760036 22959832 22961720 23066859 23413669 23468277 23983183 24052434 24123519 24253693 24421714 24454617 24658475 25161652 25467954 25796946 25954946 26102379 26288354 26353834 26586888 27075951 27085381 27197553 27502880 27729752 27920322 28342846 28433341 28512329 28722069 28771670 28854854 28952854 29032932 29629491 29684070 29792967 29971547 29998808 30759714 30785540 31420072 32107012 32132451 32240279 32534410 32923739 32957358 32995260 33219453 33259514 33552547 33627189 33774668 33874720 34393145 34578949 35126025 35188434 35648515 35662665 35698419 36022429 36369685 36622504 36922693 37607491 37688297 38104317 38316069 38378747 38574444 39024142 39241421 39296764 39577992 39704553 39902179 40024322 40056508 40097750 40617786 41722413 41772112 41785318 41884949 42258642 42338637 42355499 42514255 42739777 42779554 42877746 42993901 43334517 43593999 43681961 44025802 44116287 44274679 44451018 44572141 44781307 45078008 45310887 45695657 45899721 46316762 46441716 46799681 46872658 46900089 47337136 47363671 47395957 48430974 48630245 48915234 48965179 49088300 49276048 49466743 49859091 49982253 50115643 50179534 50413718 50577724 50882705 51165031 51295907 51419837 51467246 51799815 51887823 51954761 52067530 52184666 52505694 52632899 52934451 53042865 53120374 53238319 53453408 54052580 54080915 54691705 55053168 55125821 55168070 55220044 55264092 55640435 55809254 55972935 56225768 56460541 56484302 56582632 56644997 56835029 56895466 57062356 57222390 57355386 57389769 58109839 58237098 59618523 59630639 60254998 60365868 60368472 60616006 60893757 61388524 61607688 61691001 61960472 61990318 62165646 63216365 63351075 63522870 63578362 63842109 64253612 64534707 64632076 65048172 65175294 65298982 65302589 65699140 65758562 66246579 66866815 66919543 66923673 66925232 67145896 67655359 67768030 67879865 67978725 68471651 68751191 69381541 69422077 69427389 69509376 69526042 69650649 69807121 70399474 70456044 71080337 71443652 71643285 71954544 72190508 72312162 72358580 72960028 73291743 73363027 73726476 73764943 73770132 73814334 73825354 74317419 74393445 74440028 74521087 74550158 74738302 75060234 75304073 75356597 75405350 76001049 76224093 76294284 76326616 76510657 76521236 76840989 76870202 76965676 76992116 77072486 77576933 77589276 77739552 77829285 77854567 78330932 78822369 78900894 78902248 79556679 79789065 80045461 80117215 80131623 80273160 80777724 81076990 81223857 81253042 81276725 81582584 81682117 81957851 82131201 82341211 83013593 83186756 83222439 83681506 83769805 84181908 84237575 84239918 84336041 84565329 84686005 84691628 84968041 85336071 85639563 85931231 85967989 86249010 86310556 86445800 86766605 87078259 87554093 87957773 88249091 88373065 88398612 88573581 88890267 89332410 89465474 89484132 89746244 89903803 90038492 90223915 90281688 90365876 90601138 90622572 90838130 90883337 91127854 91301270 91540200 91647271 91868776 91964252 92005531 92010218 92073679 92445236 92604649 92839826 93169291 93603793 93759465 94413108 94434979 94691547 94891379 94894315 95044149 95442249 95484468 95590595 95604241 96287246 96388618 96537531 96564480 96574998 96576690 96657627 96719460 96759183 96771169 96873958 96973803 97214876 97230724 97538661 97824523 97913338 97921542 98076055 98139400 98164871 98498095 98607013 98732222 98933151 99168727 99168886 99738613 99809412 99897376 
Comparison: 3648
Inversions: 56696
97468 103385 171150 217143 286257 740992 804541 850813 1082987 1301051 1468013 1764358 1870793 2154512 2550727 2580804 2617461 2675220 2735050 2812206 2989365 3228996 3558669 4010821 4139168 4177447 4239502 4264622 4635672 4675065 4762079 4826129 5052444 5189638 5267049 5397853 5616277 5742466 5906392 5921842 6057465 6208687 6359757 6622084 6638398 6776382 6827027 6854282 7129091 7223659 7296351 7581065 7584193 7738282 7774667 7790708 7935332 7972206 8056026 8275332 8330322 8353991 8494496 8736465 8928392 8940834 9002509 9010749 9047519 9433858 9535091 9819732 10001800 10068437 10220200 10301279 10838792 10958832 11289436 11321205 11620968 11631707 12067078 12244406 12329912 12642285 12914965 12952185 13106863 13117969 13130189 13363002 13369202 13694403 13736589 14125435 14366187 14496364 14540625 14758241 14834748 14848832 14999135 15023485 15097081 15123066 15172635 15197758 15236871 15411415 15446312 15779675 15996872 16140425 16212733 16255559 16294097 16434539 16467402 16691400 16722752 16817236 16819962 16868846 16890367 16932635 17066264 17172647 17199790 17218825 17402512 17583273 17750445 17821385 17902482 17971411 17998534 18082019 18230696 18436481 18514607 18657130 18852585 19102116 19135196 19251311 19320816 19519983 19533845 19703886 19957776 20206126 20296095 20557267 20722796 20794775 20890118 21032357 21088785 21215228 21219697 21263459 21270192 21308462 21462426 21837033 21943469 21987439 22066211 22257389 22259768 22358440 22379573 22392916 22894981 22941323 22961408 23019873 23083722 23262498 23429502 23450575 23553304 23592590 23740860 23744651 23779750 24504149 24645201 24982714 25033004 25058117 25254213 25295043 25307846 25323302 25333326 25359115 25408766 25446323 25591664 25750056 25853728 25883312 25929936 26419205 26630510 27088224 27229840 27541149 27568127 27572329 27635351 27701844 28007943 28214527 28315337 28420248 28475892 28523094 28675033 28704898 28790727 28791114 28792212 28838314 28840228 28901509 29080532 29355130 29460278 29464121 29843223 29924914 30113625 30276484 30467101 30556431 30773423 30921071 30926547 30976088 30976241 31138680 31142773 31292548 31356542 31517500 31673007 31942260 31967126 31998402 32120132 32374536 32375606 32527168 32533601 32595237 32682339 32791492 32873291 32909354 33097709 33241369 33248282 33287822 33408181 33420184 33525509 33852995 34033727 34244639 34267060 34446655 34474856 34479946 34832096 34856471 34869115 35200439 35229742 35383335 35407784 35489675 35521348 35679379 35806094 35806573 35948683 35987142 35990878 36032681 36077085 36174617 36264666 36282637 36572760 36629883 36923001 36943725 36999953 37019016 37235913 37242258 37301200 37724871 37773112 37948265 38123663 38286023 38545194 38653127 38657612 38687376 38715338 38718270 38802356 39250105 39375639 39387177 39426164 39430780 39437558 39665236 39733816 39825578 39870429 39894074 39916758 39929078 40184242 40302745 40372903 40466370 40500877 40516910 40562435 40572420 40727387 40895331 40929042 40941760 41032056 41113444 41139914 41490565 41680857 41763556 41825856 41852484 42088713 42124179 42166041 42174717 42314236 42320278 42343161 42399059 42401317 42459594 42512148 42660176 42679839 43131919 43230073 43362574 43801885 43836746 43968695 44332254 44387737 44577152 44793023 44831442 44888408 44903882 45031672 45077160 45260111 45294082 45305754 45606926 45685634 45743698 45931253 46113135 46163958 46174611 46301092 46431532 46676586 47078496 47300179 47447319 47476698 47508872 47839904 47864015 48123580 48309704 48452182 48486516 48530841 48550990 48711996 48747726 48926048 48971864 49023367 49032317 49042885 49073076 49092217 49185577 49601620 49621127 49716848 49861835 50088751 50255706 50342262 50370937 50723337 50731665 50804986 50876230 50992438 51522315 51532872 51916262 51991186 52036564 52156121 52159558 52251822 52258579 52320799 52435307 52559330 52785689 52914817 53062242 53108356 53329814 53354809 53389636 53425546 53474090 53914622 54070699 54230182 54290440 54350019 54500759 54507591 54683912 54867571 54901252 54972564 55070810 55118131 55203161 55401320 55432112 55564371 55664411 55695465 55814600 55884800 55901746 56216385 56248681 56417900 56457114 56492119 56593395 56698000 56850200 56998236 57004160 57036454 57045689 57116423 57516041 57568174 57718544 57725614 57736511 57974848 58026342 58188746 58330919 58515113 58531947 58601097 58640704 58726900 58786557 58940149 59274862 59309305 59838453 60166485 60235834 60445085 60449377 60540940 60802770 60937198 61244407 61412164 61432558 61550510 61667281 61940416 62284045 62315129 62341734 62391009 62431643 62614967 62729704 63002045 63094141 63304699 63531844 63625272 63630789 63646387 63719915 63740204 63806216 63894761 63963176 63979014 64069274 64101185 64137638 64365204 64435783 64502899 64541983 64582890 64724614 64787735 64799848 64856280 64950955 65034373 65156005 65343533 65350317 65598334 65600937 65724575 65774158 65778600 65924770 65925136 66197450 66210115 66231613 66485609 66645134 66647594 66714817 66757031 66785161 66800061 66820805 66857045 67140908 67163103 67177656 67420185 67478346 67899879 68159489 68203236 68236562 68379304 68383764 68743682 69048736 69469685 69719007 69901703 69906734 70075737 70143462 70176339 70186908 70194661 70368331 70567569 70583493 70629010 70826944 70959047 71149209 71157258 71194000 71299912 71307195 71368584 71388676 71453568 71458617 71615956 71744401 71753930 71772287 71869298 72052508 72196195 72255829 72319849 72391528 72402775 72494763 72604948 72653411 72881309 72892575 73170453 73173064 73341094 73900237 73973733 74001781 74406129 74451128 74454290 74570321 74744325 74822708 74967014 74992731 75055595 75072628 75184587 75311594 75392912 75451203 75610894 75672550 75829145 75899156 75906041 75909127 76389486 76478824 76514325 76636144 76885699 76919744 76937412 77006085 77034333 77141505 77623749 77782020 77832597 78021703 78359480 78469773 78557487 78565324 78719209 78732859 78743474 78901638 78979120 79136839 79434383 79448807 79476853 79529525 79585303 79603762 79607711 79637512 79751670 79800969 79810404 79816189 79831027 79846394 79964783 80305752 80347452 80580656 80706850 80713531 80720662 80760338 80782485 80862542 81321933 81467051 81742511 81856972 81889844 81914749 82180875 82341133 82482772 82730756 82839663 82903562 82943361 83013424 83044125 83245515 83258458 83368484 83489534 83665239 83671046 83689471 83732314 83747652 83959122 84194554 84265144 84303997 84351031 84418832 84676806 84711990 84727081 84799652 85197430 85237918 85374612 85559043 85590826 85685801 85876926 86138881 86248771 86334318 86394258 86523099 86600659 86746404 86802664 86914525 87046608 87097770 87209677 87364309 87665364 87677035 87739728 87778079 87788716 87855635 87934051 87940163 88028576 88060387 88118148 88132259 88161444 88172158 88297115 88578413 88629946 88868037 88971676 88995600 89011672 89036294 89045371 89309777 89313563 89411455 89425913 89675089 89723176 89813712 90225978 90249540 90365255 90442868 90495596 90770226 90908188 91095748 91254395 91323628 91567637 91623285 91693328 91858141 92125411 92175982 92396264 92462205 92504101 92570980 92685034 92712859 92807766 92814330 92822153 92941228 92987648 93084837 93132292 93417304 93440195 93729038 93994592 94002218 94122728 94199838 94215209 94475226 94629162 94645675 95047655 95078229 95173769 95222217 95331284 95732737 95971440 96044535 96091568 96323209 96688806 96726621 96777233 97067744 97146378 97233515 97408655 97472631 97666614 97708122 97816859 97969463 98019911 98127712 98165423 98494535 98509233 98685296 98716773 98742938 98945264 99106794 99157490 99364625 99544186 99733927 99769607 99828462 99847198 99872737 
Comparison: 7330
Inversions: 181598
366175 1180648 2172861 2279258 2492753 3016942 3042583 3673008 4739222 5308553 5357378 5639209 6032450 6049425 6073880 6797145 7237924 7734450 8015167 9392033 10344632 11041444 11175936 11899152 12585114 12913198 13483797 15101042 15258848 17754902 18226355 18281173 18701015 18770342 19927029 20910125 21744649 22149112 22676738 22898642 23982284 24276316 25072444 25108751 25117879 25126609 25668882 25857400 26111415 26139541 26141325 26254432 26993701 27043851 27132714 28066103 29389269 29706262 30910075 31217618 32054019 34917841 35226338 35646697 35802608 36731668 36769545 37403124 37867622 38092350 38128523 38320184 38349808 38682249 39689265 40941219 41436317 41836655 43477618 44175551 45941115 47709425 47880028 48232483 48759391 48960104 50607961 51961791 52483521 55021603 55460427 55572772 56896459 57500682 58074146 58217140 59089745 59709123 60690887 60692157 61486341 63059984 63788220 64981869 66439818 66668869 67610135 67836365 68736061 68736496 71126119 71702526 72626833 72910880 74630234 76814492 77418471 78311658 79148648 79553794 82084026 82144401 82721288 83059729 83079349 83606663 83677350 85380820 85487591 87076310 87632360 87972642 88623382 88943946 88960928 89170651 89197782 89876318 90017920 90189856 90577414 92754565 92879651 94253063 95268197 95691983 96246784 96697211 96866824 97633836 98017536 98381425 99534598 99576141 
Comparison: 930
Inversions: 6005
