10
10
1 9 7 8 5 6 99 10 77 36
5
77 
912132851 757530951 925022332 381609879 996088126 828995675 187161552 939529605 236681886 919258593 874852043 506595464 835531689 183398808 810777066 700842440 654387050 139315130 668792496 292013098 529907075 886953195 151874126 960632216 49160055 334543508 295114704 877302376 691838677 159669959 992139820 582760594 907258387 20955322 383478351 952999681 340117060 500758605 786012478 692422170 98977936 94627732 142745654 78453552 384052578 603257429 237625233 338074504 695618688 281231822 308870973 553212659 182429410 273655894 751807628 128332074 709066303 595347122 188032999 208068242 723450104 718104956 307400414 797333429 961322644 452363357 40766149 633188262 771567758 736969683 999929133 175621035 198264948 856225565 523200597 244669332 220371730
553360376
135 
763934087 96913365 106394762 661702775 848439288 702924546 734776088 120474460 453588214 311368820 865116789 760769277 317645045 526604321 62868649 447357601 499058426 250755749 990808157 820098568 420924070 706791820 318217524 926482549 191666814 246271224 984254271 754262795 197976070 547007555 577103022 602703170 459783306 171693836 97581347 830550120 536197213 107861776 751564163 585542872 125310529 813012224 486004679 739313114 941012674 790892854 849991409 947408952 723207478 310130972 657377191 762200997 569199648 897197866 113861560 956432094 507751219 258116221 353907617 404376999 232400790 755918358 37253602 256285022 556693249 897032714 586617587 787777457 877499230 356399098 384845580 484834198 485195524 5272954 42985460 177552375 323923433 334617134 234759682 780733430 682888862 309905932 998531208 963234966 115756202 333810586 631871485 317556539 960891558 632182944 409575758 264796359 391588910 453381928 712075022 283184943 538180020 417992043 150077209 423536787 503636850 773124424 487763739 248407829 395195475 419871546 304656963 154230316 382908846 750922740 988814097 905638246 635846820 490523172 661206395 332812953 602927968 573458840 784101658 659179313 439567660 500323024 733882965 129105528 573394784 47027763 701326783 359355089 922172936 319031783 550958472 542198264 255500070 943706968 305790137
739313114
62 
53412202 931951407 450240782 186577378 139835342 623969426 686282670 192279566 995558885 175267912 412334752 119556300 666089494 369607708 178726134 359352768 616602932 507787889 608898024 459270339 598541174 884817998 564711069 526186512 994325192 234868581 749468491 452328029 137167826 294082869 201260244 803193546 544554320 375382160 61582999 171569878 641427432 869443221 785097243 549939209 375278210 114800344 899966351 522083095 512196437 592979226 511447922 455625803 839095440 943399171 968209559 261497275 596258802 74039422 687138510 602466492 537228827 505792284 577939906 325879360 830779864 265636173
874092070
919 
992719204 222806655 793182874 777841177 463270471 192876850 419653904 633489128 108634813 743591431 70339445 277861335 517309521 839855732 634744834 548474222 446856817 92610965 65050777 182325942 848618041 531219916 954810643 112451935 750196960 972601789 350967831 158252696 75535359 91204246 935508825 194229173 480775582 114804072 521186452 503801816 691031083 443497337 744616282 518770975 82395895 985782845 497943318 250677206 357230226 315309739 990547537 189360770 604851771 675590340 16371842 583531744 349612640 908545614 900626155 634839917 684143749 542736935 453946197 161257800 262992584 694791277 882052832 811711731 167901725 910709291 683921312 659191423 230902447 313149103 494632893 351176364 706602706 162190823 627755168 957536137 237013941 619026010 16156542 185718006 635124180 812124840 833751056 295415939 260195645 421694645 208905451 381522233 691431694 250915033 804168285 215702972 429786261 307890575 339961814 969123543 795125657 147998400 986751078 852958723 799642286 852055584 368827039 449397476 541540073 732112979 451302671 487509961 657485354 36860079 311990096 188363952 384041636 417626978 244943336 917731385 869722950 68958249 123979618 262011349 856842202 854503711 970838081 886842530 850954675 923300716 845788399 421075046 520992510 509267662 164062279 575902965 664103154 474158403 598022526 983145653 560834570 37362153 167365839 925124710 340791710 12558319 22236088 605040584 20932046 492988237 750804783 356355287 12861041 678030247 97348028 678749932 385704179 87787371 819821168 272811491 525351250 752835597 266157290 939269228 26608622 386866853 973347316 480197661 339828306 121632249 258526317 175526216 359638298 170175367 79145495 340240428 631392616 251928478 683954790 756882142 570302270 699916292 960336600 443893963 375243978 379723803 23698419 833695584 495359441 721425113 35352335 392607993 668876346 952622083 388543897 154547379 97739798 980282141 315565913 101595962 134251778 885196508 544985333 257954255 733718876 421882074 167188784 464385016 613352488 763405912 409199031 415579432 404278982 386166438 724957145 513378244 179961504 190008234 111886375 731193887 9573070 374274462 147183635 620136448 95908753 691720232 155860386 640270473 453543462 481382600 660124646 73135363 494498925 426261409 851171213 546556216 699657172 905825069 31561596 967429110 61828300 603921992 397450666 54176575 350466025 681932517 908275519 191879448 785960077 235094598 895957088 758870254 857903763 949905930 196470388 201185723 814307089 548384909 586875257 759148837 286613653 820421123 326996263 982719047 92223268 317905048 169966904 315786522 260557672 314831678 290569703 997727144 259325598 779709391 919036313 414736187 37246441 1386415 653044797 240442029 858626025 552055626 293051957 911214937 283050554 68164163 188401588 826326477 698717138 196164463 971247307 381288599 570645447 796378637 12872948 404301403 646103790 732044123 51495675 963346087 861330005 634254273 645353929 531547962 60900250 627366541 729842724 461820981 105424811 774601222 808904276 17155960 652494141 799622899 2742739 986464392 139983119 417360760 49698388 962043722 871826122 206969918 992216488 749327579 9028461 4294352 838790824 718757924 588557542 319371738 290100088 325703793 469864432 244857017 457487128 372752046 608635536 92952923 848271457 930472482 659222588 169322114 277986877 756526659 759124605 862585303 477545004 445371381 677893303 403002129 746003004 214922469 329385986 3732268 858438146 373945800 969343478 696773726 491784971 253748765 398793902 652061039 526739161 190449861 407546178 498742254 383376918 58303760 200269474 857023298 567344833 718918311 905713221 881604676 933354729 981573546 176165182 734554451 67695136 871280526 216208089 427099659 356583251 567688456 120680426 695086291 416972550 919580167 631833999 859310485 922687619 363891154 331204420 917723492 399208808 968339053 340288283 6971726 144587037 475969573 513579224 124400725 451120336 321829106 262010746 630627551 860865860 321732198 591013187 835580972 365511106 790379505 585610381 328462701 553884969 130004437 363103363 875661577 674388896 485462338 295269526 147847946 888758336 684685514 534225977 635570657 777694497 327964779 457295832 882725429 279627909 118579982 532918881 912104504 347328475 240096752 933718292 404132295 376823187 453665289 93217622 409791219 781935745 493554739 250339149 507156201 40833326 847761318 765479392 24059656 499477228 921196472 198399537 794090106 388135983 202336811 611553197 637935152 902222881 187048875 550397326 925631326 114316414 423359250 426780 810835680 793929984 401628703 183820190 360703895 657004537 725238271 217138238 431385042 817284800 220444878 324071127 687927131 16687273 96190521 985998639 974750665 696002168 788180511 378445275 179705804 870175943 830846555 931884712 52678475 853782880 77315458 229138788 211641739 328369790 855796451 223704583 364892433 738545954 13944806 127888835 969878175 26063243 253719704 461170087 272489699 604481451 594490123 118481227 837559140 366619744 722780000 720632485 633754498 691371996 71157892 802858401 782197107 355287635 400710468 543931754 282643125 563160217 289424938 597296151 389631066 970198438 764684335 143105532 737680464 610681945 967470603 127531217 718413790 2340997 774010113 428734312 556684323 193948493 174436920 625332740 497206643 862700851 3724180 824091029 31699735 974959812 792253776 794715049 338059146 374318950 489241449 779438405 505779768 92647241 310640441 503861103 578520586 802814586 893130707 573491638 893306404 125049180 38399052 202654226 682889795 821087054 158873365 683953064 627389422 626754835 882647354 83219542 891019127 310891782 844597726 885786848 60983980 621766188 296467686 297292093 524550157 525266391 500657866 280697688 294656961 960973776 410887676 99806156 585236963 62386905 820021565 774487846 514672619 766683497 893133301 368442946 998025987 286052139 553156920 374733561 406310938 58142668 988601997 567223725 922799710 322869858 586844228 327734593 225211277 498437405 435124966 751762410 630644278 158666091 50284977 253786258 31480668 765662218 505400036 33464510 772815950 263144685 925009232 857598976 938359587 500393656 509847744 949258471 454433292 142761591 462446460 948690678 737981747 596302546 804092008 198371014 76832522 524352112 778323289 371325977 320278553 261316856 563637278 167758763 35581145 89694147 497083133 97291604 314737123 296545870 929077558 718910140 102998381 222711132 904082808 180955409 101473926 126600919 586504935 165277211 923498432 600570291 419558599 719555220 824766610 102151212 551335438 618560595 600600648 396830303 932338398 418856180 124308523 129852184 843688651 910048468 68580916 756155691 577544660 205625962 972072238 576499588 869137033 580090696 132963004 996374887 129604821 180353239 992029033 331943289 718684838 461720333 373315533 875825673 3520868 669979595 514667509 785561292 41765458 680696199 251139675 180895609 621951320 689375141 469799822 376348111 922656069 656641031 945127345 392002777 991143447 303203872 850277479 762915382 215257152 86471867 613238764 623372828 313117465 267214842 550022068 779041582 229891408 333877092 747843461 263731526 733766610 299611259 964658 502659593 732889191 905634972 842486643 440111611 681238018 924613150 782539341 139613402 296635034 877357450 24247574 395774609 836919726 485797778 527736614 765693177 991842142 135843922 714789506 572420370 979355823 598195836 883088203 113871968 557458652 304788561 364399826 128284400 234897210 210495613 157334075 248901776 701141135 143077343 422757874 863262958 848963471 29230798 754625 834647022 99531273 122613405 802068906 212199247 38349178 105380603 532154396 435898426 84965173 985120591 750939042 176015707 70751335 175296094 198965196 576860173 660085381 941933969 101699788 868290075 645865369 876937960 319129201 761426597 442368566 67520613 955219277 315236885 595333403 302430436 874087046 950573499 458522112 285878044 535534562 94422635 473795964 540692877 58609339 696885823 58548907 179982442 955709662 85622915 391473756 544837522 353998320 518185159 902767454 131373734 185259823 724073018 488566479 614055890 657211374 185781941 643536799 263935643 713423469 169165130 871490080 512928802 772025217 897717975 849703610 469143144 803216569 799720541 517763956 48303917 301281750 771729612 645641819 658815539 867829707 94240551 766843273 801590781 749288258 855544456 993287908 503805421 777520673 391721208 72105123 532924982 398218667 234403664 130129524 826321887 994238728 805315640 392832526 63266025 813187636 76866646 173082470 341209434 941685229 218559452 892849128 308391166 8096702 512476754 493728264 786976947 484084146 379623180 130808925 600011101 289217237 399357712 241732398 985109968 597672820 324910415 694359385 833348587 425240636 135609420 155373827 821321459 955479403 228474388 391928839 622320139 616420802 621557107 2345547 788056587 228081954 899449578 475444657 916968050 957901463 801751397 517891858 718921653 944198659 575631927 907884920 56675794 847557562 824913247 691966090 188812499 689054865 725862316 695499823 608153573 590146502 396963989
296635034
387 
922870753 646490004 513007985 259892215 312873454 37533838 497010779 625610277 153118491 718386531 304825073 109301817 307676398 972104160 172293892 147488371 87890747 242277696 921009809 28014801 131536187 954632484 66592905 832105928 676021001 662958535 381018457 644717061 418926219 893099151 761444968 377336808 404603315 228568263 286112620 340690841 398984639 56629794 427168593 513993477 359521726 591599373 470826207 818125980 28965588 323101940 246907604 287006172 222480631 313366378 532788652 636345767 556576077 268643649 680236241 901827301 359670360 184983358 439530747 366415047 10797733 926716750 502582192 466615418 232409517 492278254 543338413 457341880 207180109 700440038 714386116 65446664 510387261 535488902 499236616 904469782 649144796 580674505 690692261 84763077 12452675 585103797 72191125 308082735 513794439 853915320 465048107 346764154 550377713 506741140 732999403 436318047 31417448 274610746 723782634 908905364 722220930 486744532 705219701 699155365 444520259 359019748 152855133 159155713 419494745 449542860 50052328 192259412 194651263 994807566 729707170 7449630 847890275 173137851 457225209 333491540 115532820 326148810 154317042 801567859 644741558 993760345 152394619 566311604 736693226 379811003 842358678 366573701 892711345 50401932 4221173 151473359 250416470 243224833 179770715 864402583 587171690 41244597 368242155 66330969 121334682 175420919 75146941 995569967 935412834 657159086 205961622 990732246 144323663 118010174 649410439 94150234 963071452 158765289 500581871 136107950 196948910 58283978 31279859 380325630 256861286 162856586 196033371 754219498 182894224 825018340 411402535 26677552 159964681 34967706 638029328 460191196 329976159 358405535 319736485 774284634 321468070 625223734 640521661 387074417 307253325 260134960 578239721 85313875 934716437 96662934 954753810 246976194 405748805 979917943 344505215 552958580 266647664 139880052 477852302 754962443 1805573 34271030 213041085 281061720 425143528 190133950 799018836 158820 855896284 200681056 809960955 871856623 192451313 543298879 820743303 506935589 934213473 760481092 468835122 529454706 195141835 359769008 686258230 459386475 607058172 424371828 205316536 849635146 755186020 139826491 711168724 135332450 962472992 108429012 968882467 842665248 157575280 782861189 736523039 389241695 327722511 399899038 103563727 859323802 103012278 206953200 444554809 132306172 757799443 337504072 63050753 333509219 90606502 791436584 422489071 582137454 797526029 349406923 241231606 470956971 425369 859804896 773012929 398142098 684720960 409925533 807002963 180925671 493362390 368224884 641078633 442441230 894388745 968576976 32699302 747708571 765105411 34468627 849166714 3427158 150983208 63275214 296603691 239011480 107138272 312507629 676647042 353419040 611044164 230674131 431091870 784740684 894930474 425883049 80845929 888504297 710123920 929247438 703179294 705347211 1703662 301013686 238539471 472090818 319799358 753895248 290213791 23011092 957411604 537881923 324084733 814793935 797616111 300223614 25718136 874528369 819290620 943248650 571087517 27607629 812236720 386238669 349904470 890968287 597689539 201441375 540834511 485650548 76683945 823171344 53192563 668436577 643256658 452418612 596005212 18694083 812312340 968145743 190333951 504768214 159005904 313292811 664071565 159327762 975967801 822237099 92976398 761301627 349815124 132616112 57788599 744926209 972652617 82629647 238235745 757034084 251325144 591061615 936291910 268673178 239118584 454454632 128412555 458663228 253379822 304800518 267600562 295776503 883645006 419381203 537864403 50235634 765012464 361271908 907270107 77651141 278671571 146696028 557601272 871541772 226658794 102977649 417291830 282522589 867309148 883995493 132439679 659006538 351880861 724896469 122337083
304825073
631 
856472828 854437715 688879630 34324987 9185653 788683762 621530050 784524662 986945264 937029669 544078272 171859485 21825455 595963667 939547550 761112267 994345662 41057936 528973297 695434088 617807690 311201458 355560041 127491863 200126853 512836207 40569381 393496462 153280194 809162623 465073 302027982 572684446 193753555 777377037 555920762 822216626 862286873 692998550 628083767 354663459 26130754 67713318 982128249 576422330 761454833 952623499 598917554 236276361 854164133 370348068 385931164 669208749 151471771 463359407 809588399 748042091 672659415 813904940 805067430 335070657 705840629 430424034 165368662 27258485 93896784 785401489 67299434 609523247 659604027 861821419 863297322 750766740 930531122 481016222 917703861 486159420 672478073 929717508 621661188 979704841 364654864 43846358 693156173 230344228 945066540 606920476 523046817 279901471 285831338 750122678 770895520 736764385 117774885 821419915 101683258 919822208 913846044 456078579 342151443 814995630 175234040 825907233 163905115 957128004 122482490 222548207 369976316 281153318 758410875 297546045 443254166 228209826 662817149 135197192 676778126 526167487 538976268 369981152 285410341 262382368 357506471 264034606 716191797 808061020 724455052 571083139 981436365 862956634 973665428 165285849 251249333 631842553 779484849 414180748 457661059 491404213 498426792 641794097 153684311 517055106 689263438 415816309 49209726 179011447 977532600 789262759 198363635 471843441 177313406 362760297 525167394 549989896 223090026 293896246 769191078 628269289 21111301 324425483 664463330 395835895 538616218 856264630 23022508 768349185 144425056 253295661 676269085 85779359 554238686 164726722 163215133 286038738 588393771 488667768 499744972 818475547 112085706 340362273 35004674 162662633 112718858 68960592 1625616 441000249 179461981 855598177 50758573 592483658 12541367 495711866 937669101 759935369 360302938 785937089 830066513 853057687 975574427 251946751 888345626 772051561 193522476 697913931 579696218 913951936 714452917 963504849 952463582 55356291 889490500 869026586 653580316 67248719 661084778 569852548 411932821 381449930 5722182 983015007 875960342 696337956 436590306 339471206 293988509 13360136 433802088 597952737 150854134 655518701 96031012 54475529 263387892 97061485 9267086 874054029 332209329 594570243 695664172 430479305 679366922 65529493 844242710 673763839 596284415 568984361 567876796 790571148 355898090 715085074 491289928 560214837 458713950 780556069 619594714 708848400 574686575 807354203 79885886 760008052 194910570 563666116 759929322 126591355 498943887 602970347 633500533 10932247 625961870 884952085 918962058 453642803 152430761 295311536 587156995 923562640 919111547 398590661 72960563 809885259 987563211 431208197 87220372 855311025 149876547 633179018 116238899 758232444 560994619 958122209 323826480 178589034 827336515 361282536 178307623 296069565 229408617 322000691 364614200 666534394 794461159 487235194 413931566 618256306 992245115 472571931 946585752 624080720 22427654 989785055 267623633 370691116 684092001 609579488 645342866 476814297 182597677 89219630 930259491 790770443 885072538 751880787 358710778 614049509 995048415 567335778 441848764 344947812 625365518 909807782 146773538 978697729 880848880 47402635 281597697 6123911 125366188 941590407 571442904 998351611 179160452 265986504 630873567 340326016 795992043 717070273 753364189 954103853 796924962 512599645 114054131 54486604 533758071 401923096 758778196 687731942 307418557 170875040 619973218 914209636 726540549 882148149 715191828 646695898 48009063 161457291 952205607 720538860 272226250 542692068 259497645 606165829 843067122 18421803 359399423 880142727 325070476 899624288 595658092 682862378 830993221 428748525 615981756 523222914 324327452 709199104 452483879 120017355 128097982 618847038 627668035 765715466 256297096 996161158 318160411 708592901 481891770 53843489 982280767 676092001 730584236 515845384 319085428 892581028 561063396 56499807 352464159 438306268 390769902 124343167 197090960 533261198 135318220 828399669 791445766 72253550 845738309 838638748 138893153 972212364 195227242 112234574 574952290 294175513 233972143 582092682 161986721 426184513 467117145 469943708 41962659 821881054 287637345 673516077 428872176 853039229 876153773 683413551 132836755 955427211 983500816 559108345 282996285 497022032 846303665 887345313 270630413 363366797 254314536 578357666 898138499 488405906 366458779 185498900 154018094 697938176 214332320 527473700 341905693 30850965 254845992 725550671 49466227 988073781 14607492 539585165 473335531 455077785 775768532 890243424 772108371 54446058 108637041 494310033 908153787 368764706 125382874 392979764 38149641 398961371 875879138 88147912 632440747 566878970 659677643 945875988 432084733 760958181 55680401 270809386 440385454 763999621 221362713 711426758 134642051 5684607 766496436 268282660 92489038 127614769 689908614 97332020 227700059 342626002 386426067 350063018 456042677 894917909 181168630 884492961 760741928 22670116 96613311 599864381 334499816 820805276 978115020 38628780 280107251 244391678 480149678 663926802 909678445 821725168 274892957 417469498 408717385 360018194 559080304 67761722 9029251 69083974 910641944 309455516 834492677 444499810 857869421 209943220 716847105 223732635 607778508 708570680 397979576 888388104 466642467 580763099 983530325 795214691 797818841 932189979 526100358 33665684 263960155 394027096 361235496 470409847 741144199 27941157 96909621 142880260 927399462 101886954 786594451 546569559 705853473 532208922 930494830 153022555 700374608 783719574 438788566 986932774 740800554 322177575 463559298 595109011 673218067 979598938 932193330 922012325 184946378 502964751 913132417 939394263 747095794 946564271 452413762 826542743 999061996 17545138 146912081 135665110 685834919 638624463 843587550 928721167 651568546 192076231 414958697 744159372 51870793 452604160 8072711 795269709 80380456 388214420 441716981 445265741 447437105 147514657 692465493 356659958 36890710 51736675 545633926 531108380 515221367 431423528 237038112 31699288 506304297 426636721 487389228 114972046 587841260 403356838 264400987 498182314 555855607 916969633 855055875 840383548
345572780
764 
120247959 117151119 723652768 266506122 721356469 870817835 616707865 865911506 737288998 84289409 797349256 351820370 211600229 499974266 868025427 918034337 620699702 96329510 398156799 627924349 189414792 665829340 339712564 502778861 700863164 568410123 124017032 342856845 399055031 92560325 393102536 877090812 758940740 396561440 206990589 931929011 702036090 893896893 470801390 35218401 533310221 762812400 184620651 946162330 872948756 910376963 701056811 638094074 757358766 266754371 140950217 253072654 278290933 61230646 449568194 20441410 388275460 456444718 204561778 823058841 838780382 757090529 167796762 849048987 791908783 724157293 521289846 192347576 322937042 479367471 941193319 220118274 159268200 423103102 363606055 59162603 378231415 200503455 32266346 610851124 658740720 403396832 215030663 536706206 388052078 320729619 645718169 587584495 619570147 217925712 483387477 430517606 953315426 308897504 947404815 303842893 399216002 735921400 985492015 600031202 366486870 622649673 40364836 869693836 448119049 497048179 749510348 213882587 142007241 96786674 804059704 212126895 52760089 564444193 293346092 234425627 683486259 833992328 303209893 769784066 825040327 191042865 374115140 269956379 579105731 525191199 390261230 826536474 968450472 676507259 851911636 163879686 196353655 367025858 209967302 81192549 2122102 85819959 771479826 181258842 607790613 129091622 98630514 847778696 181938339 683746284 438924701 672219396 247869792 695598101 520812934 617948073 215624646 948495056 57356408 917044841 111873448 265615012 640223130 630258134 361601624 68077680 159935478 20597457 565783501 659627823 184999556 118727054 427947365 932079063 976794933 37529042 965235119 533392824 180672857 809636544 705739222 732570935 494032527 547379539 288859559 894536680 315956845 423289658 664045385 855991557 763787772 330818582 834621812 398338112 107344662 10238651 422318500 675765821 64167762 476841199 644920961 857488884 881244392 647605638 671557274 46433857 506952322 972673573 319248328 218603111 902013756 156273103 246999377 94049259 352976677 983511656 623087711 691153473 196670869 909115797 974468036 944140393 717038153 711842245 91691992 452788919 3573497 883943807 821398258 373131326 582143177 121218163 660737091 641584213 107495666 899444618 336245688 914072161 397853788 680526603 432449960 115222422 519280199 969921807 487282009 687994763 591158066 211976707 371634971 565389784 490186307 171178723 797861585 389006063 399267328 315046951 990357600 310012341 453511699 798047761 192333145 276887919 650473011 999377646 299422571 99643786 284587622 277912636 738255894 145840598 270955196 277636405 849988555 686059104 120579000 168465934 39915524 38426992 82270692 890362942 776256674 780023343 409138069 959591255 668143744 281663318 53600307 639777023 108416650 650866402 284747213 204195229 177064778 472494019 677905927 333528157 431859948 809939316 337077173 967747961 67712659 13662739 559459917 186164686 136791537 343267812 856599015 14406371 511151827 290683068 224272051 18090462 19177321 74384817 685170358 411257747 923728842 803143917 308378846 816675790 24781090 587434255 888271219 939690235 61827563 998570080 286283458 84271476 393364367 456080536 62429263 87367512 842491535 428321105 617811926 672245198 223652567 621817879 901429978 952643696 709105793 653511683 297586246 768156156 644703743 942041564 946752688 430054527 614172439 510207735 839775132 403493173 308831945 738998210 911284335 263166658 614785456 557723668 84948121 593033863 342946481 115680513 40492849 606246903 886742439 291833079 520593371 819080092 219751260 260104667 430374113 785023735 333957680 214043192 114478764 298771543 54602996 931698386 636894333 203133660 247074910 409634772 534221090 920284318 877475731 129128845 314751304 928601772 3239875 44011207 590839055 512413671 964051211 766931129 745637710 74393111 982535586 671098408 228075467 766526220 443609251 559326852 27447712 406047733 524308099 12967056 649137414 718811685 367337675 63588231 347652651 153298895 504490927 246199849 838830005 633009811 30223408 483172968 694168094 939798420 675763425 837839554 732550314 870264517 188939543 855117708 22916129 889573515 758191183 857099971 918042781 748167328 86284974 456240928 152456526 573485388 832044546 392198188 889374438 631552810 256704159 217215283 795547671 396058789 747772495 629076774 341728034 392928548 188982750 678416249 77987052 769954484 4507478 887330442 189833373 249253460 328124649 876394638 167738772 805414341 285059075 711697190 250622731 975154538 405309423 74179622 734974809 644925058 396853582 544216840 331615236 756031786 463033265 802294805 582976016 883968115 949973147 227730110 159757732 800196599 818440773 410898837 642506292 827526890 574973034 638420848 604347131 176825886 402560981 698079870 495536348 537219766 286332893 557493754 407677819 823987223 336927017 661143123 992440930 229662194 702238862 473572256 27518064 512898692 333511147 341378867 244360207 616321593 835283020 985880964 932916312 269523673 951070289 597583884 642689236 714642265 785312736 869479707 420819269 295967383 163174955 143877438 332288489 173409041 833372384 666783634 764492883 528769296 290495379 160208837 790179781 474153529 483118929 75298818 767970938 26369356 523623334 33584701 355145832 965916304 497789125 736655120 813716450 919223660 296780259 168859563 141785449 829536627 55356511 759553698 348887651 747801943 233434666 696903931 693059277 946746815 655999687 565924834 958719298 875739400 133512682 514359072 884485844 378742324 428234746 40633663 546144758 665074043 606096001 72629206 988910918 781639615 855312586 481268735 189431168 597888965 959367448 830863043 612272348 821192163 90582587 267689285 129464894 680368824 510834861 682391029 536146020 438713641 349905676 718534381 491884048 145622590 41152011 27950064 10314694 639817185 471182623 110366838 217209562 122255639 686512371 654397523 90569854 921960330 893953762 528468176 236950322 447657315 93876596 884082312 400514555 264333880 501647732 678259645 87536105 633923133 146558033 388435667 921373270 507349596 656344275 83434866 802087994 286718866 622002103 248145124 330965358 141374449 592085373 529894687 864845726 694354567 121104831 902077849 991776203 575307479 924203753 334742753 746033302 65009434 603434991 163134948 478372534 119526015 610448522 763207019 984505315 269490893 727614378 480696755 390793355 626866777 476418494 916150822 329195011 116366865 298437250 141995611 313115523 139212395 279704793 129768666 344573634 339577398 207571570 983499417 674431697 847201102 199197745 644578517 491242460 596292824 122434601 408376441 82152478 56525505 554262861 756751656 29853860 971850582 726285405 89622058 954401855 695881812 552129269 995041168 455762708 243011315 750278923 672864831 900064297 150948491 525648949 791105772 31703844 319921036 787062787 679410644 880143117 892049748 412301582 816325789 928541452 30032646 722046668 83851273 464979506 917475089 492051807 65063263 56136582 449201999 745418065 425996231 56303076 275225921 698443876 435851402 725711906 23051265 308040902 924110354 809466 795915400 900352349 952525237 769312904 633485710 524104599 704818748 863951559 985268910 348383143 540269509 96544719 752312212 636353784 729489595 911824806 732346839 759235963 595895817 72966735 502393709 106658764 952047460 143151844 43664160 781403606 691140119 731660969 103351833 849206125 361321956 102552949 705100560 879012032 149761783 622722791 149499242 397261115 152722470 351526286 885342162 709422765 595062407 394073113 985472056
247197761
115 
165854323 540947588 938843602 945981231 933666726 662395000 925664931 599155559 60260325 804380658 20897476 58580821 613938078 995136295 30441030 191520907 378791883 100568861 664365917 18062947 936768527 616884645 518108451 37997204 223729990 290458196 776770139 987701116 25918645 189697576 477632151 640885706 295346236 150822440 682258116 873338673 355088088 600484189 236985997 327827595 586758744 336306369 289763506 923163446 308523961 56574274 121803501 538900148 490456199 416907065 463929955 381344379 650372061 294894002 477226940 692777373 165867903 42852400 471137916 596875795 836275478 656099409 565726965 809151757 442062648 999621184 901606448 86431772 465104272 571744198 914252570 22424006 694953347 807679752 133358985 868799028 227874104 960030995 19925124 508435036 742264819 119408983 138079760 190937028 345392120 661005577 960531542 683420655 562697421 235074890 108911394 314996494 459544097 996678813 141332869 43064450 700867095 94553285 91512478 260405435 953377377 50473719 48336143 389823446 288225221 730898966 99984576 626628608 760275080 534052657 295340659 11178328 493331590 825756990 477432721
600484189
651 
23099995 894636438 643959666 943418174 19858889 893125782 410244294 234016998 869278073 845082928 631319032 971303377 10849896 768749831 826404873 504698477 809831434 167982161 311755728 375788992 273106791 593237714 824076265 254517616 781250345 299177582 371460578 176581093 550800943 862203203 430614561 223306177 825219903 254082004 377199509 154527166 557556258 370506817 205179035 378602508 992341075 184777917 751515182 613382327 278272854 658512511 421853762 534135835 459097583 946746602 189522314 66414040 669553695 116851572 209278119 375146356 240369971 718888994 394537046 56745691 968116898 92401993 776730107 48049291 476155221 846855130 631408553 310397470 121472144 50769562 461242079 178325819 686526038 554424722 130067073 662309776 762632761 291615611 212955564 238456570 617968471 341668021 429806512 37790448 884467305 89520350 355735645 53327169 102117542 377011890 896079589 413522504 10279188 880946712 300781410 350082192 430795752 882661119 941133097 760406129 606279534 673828928 40356521 713915967 33394453 356568310 880132231 638940384 605619396 625537503 644674480 158115653 754657748 449552623 605896875 258722829 115757336 912650838 685773565 867626172 605422932 48609907 322332904 254767538 394570735 598406574 235295057 360178745 225473133 837939238 340784740 846924317 116824461 20654930 85967756 445846985 277625449 814815834 786072466 41092392 46221885 729901859 745332940 354658888 256502032 606353497 681406967 451560795 762379232 910783823 228089303 517967634 517121246 399317316 494962718 311590988 113605229 984183864 284785773 477666569 420277899 184678641 441988803 229235958 842204924 753649076 142714964 204368245 536269797 181251059 811579890 404878290 851614141 257715416 637304358 248351850 213923388 330050801 318530894 246861918 159298483 902379169 316763803 254397937 13324609 979143760 842478747 187206432 874021804 514184250 891903109 73271066 666987404 442822511 323689525 657785485 427187683 524404678 960647050 303370804 947081377 106090787 270474532 660711942 763836364 804103984 413044314 487141590 38584217 1849036 183198752 233140279 498664681 97228443 47379805 376459504 963934300 295420827 656719069 530188421 319859852 909056251 966787021 986151365 337591191 595845864 843781283 939094718 135299936 511974608 994331558 39757333 768374336 627542392 451558969 657995019 914873437 469932419 249018905 86914861 227885391 555243714 518115496 4922512 148873554 335307867 683256190 583000355 261286548 848198997 959373906 46525645 745004013 230187159 368147850 75263815 792542011 947508693 42575908 28519948 434572745 898163795 389368332 347900279 227342281 152492420 40174632 730201152 982393699 919712458 761374190 341763046 253970235 948434064 912562095 615040714 929658194 296052604 18883522 82846980 921107141 816481584 506866383 634140927 285081926 831766529 625594856 410882301 179171659 348429097 747464089 43843029 99088884 361130249 35865381 396901739 555256766 539362515 908261844 391462255 195006818 820254707 922865345 946852541 36017011 641329218 134782510 578208375 273771406 254207425 274050288 548567021 767931447 187261369 714462345 644601355 439260170 658220025 703084660 825274784 920099745 880329117 650114095 396108360 168408395 912000879 999904057 143474532 749208675 263765279 93238922 879050166 849709402 841321739 79161059 539404785 453468675 563026262 302013957 33121368 439546708 761890785 991202940 705471429 585284245 800116081 93924387 196049150 280532324 797699125 781406212 98905691 552868862 578510801 678752820 558098688 798456813 74376092 158585640 472401054 102821485 541246099 493297930 616431484 264162758 334879011 206263461 462740241 862321659 446041541 863739064 446534943 250178984 973081810 241823738 509376335 518866881 960427852 64695805 385241615 310544934 948953064 771234321 110311357 808197368 181957057 887860637 156638947 455197154 101051368 384091963 852869818 125144121 548012571 58855829 557049419 44849623 462462560 430396393 201613283 132527937 538545868 648452275 489550696 741981726 343725063 384160489 979302667 269491953 366472803 618887869 449426844 61818225 950110861 441501157 422660933 276792200 232623819 716031271 318989572 782316871 697856374 10401710 293544196 193106010 993986264 100875972 565414572 242120563 660825188 620607877 831585053 953313620 104427829 932923483 800392674 134319120 756099907 472831207 734547931 624001812 279797727 137535118 251127659 847529524 425244765 762679674 227966772 513286840 311830408 670444692 987789567 565965974 717503214 297780994 714340624 404703495 365587534 639897245 215363929 215343015 620757582 995565691 215741424 94186631 47900397 763414663 138719242 239893193 851328316 571451681 132840489 762945227 462279144 366957715 511364836 436652951 443234900 910517246 874286739 580170205 477835547 975335469 479148399 278070702 849723318 868090475 875397087 423044821 313435387 159101934 630470504 745000343 824118952 948497614 207025935 230412184 621857583 251424184 530184934 285887721 42856270 138164038 872517795 849310964 102130573 374094984 684408901 756202003 801387188 915701743 803894671 114754016 397586920 732615504 127915223 86449289 822163416 731061449 874842429 779603634 811430989 727865412 628653345 638525872 667112965 926758540 675688577 628964823 109338097 24395832 911231192 464521047 228303995 751760458 961335035 401464446 73722614 547791963 699992314 187758141 42506028 732981849 890124910 144898694 234861603 148894106 800003531 605681178 164091141 199821230 564805986 911230230 13577525 78686926 378979926 235402451 58403927 969099465 473767342 452875693 747709619 338775726 55724009 732297491 451992870 156860552 180367313 279262427 722683792 841618194 156870588 542790854 370900540 582111211 858295840 880677146 568333001 993495261 123939968 976918916 736526395 267211302 860028120 974430775 909084876 977127258 772760476 708708289 740873333 253820871 764607840 815669448 50123182 595369857 461049830 269433250 2330803 419172653 168400258 769542875 642747553 491873313 752457099 219196708 882696818 983599246 581108252 494444560 137525095 441139463 308205333 660751368 291147729 86594249 848944515 197287645 205297179 519299964 182825443 115367771 144449485 509144829 811239150 3383295 705961079 161857791 519181234 463582909 646567241 912853749 119372609 204177846 426369930 432950697 11059380 420577712 553234813 559931736 9238052 112931072 917404878 369853450 370152529 987591562 65978547 482714348 673180986 833771627 584866177 32533205
517967634
724 
361915022 256634158 465487904 894323641 417725096 190297165 109112616 118387827 681894461 950208942 642947880 722587511 403488973 468611417 834611001 293338828 769357733 472353572 828726709 371716233 752109011 394290876 984391236 735513801 801650495 72529273 649415452 951478565 59344771 579766799 673314412 438805508 199339892 552720458 578593840 389582332 875001068 331793257 371593113 825324747 61149544 400755756 292101781 50739933 78500771 430981966 811749995 258183768 689282648 132973809 900317543 460101229 854217582 619754514 215783594 821345873 969224066 217940555 755390732 616290990 363702422 945880511 358709598 968858724 228014712 986100106 971240425 787262515 709786353 724360029 178045462 391466777 493381798 23567320 985214444 587803348 465941222 836955862 58108447 660430103 123566481 302020161 521876988 746006194 5888923 348276796 319331169 229184239 616036523 718994790 763318459 886270011 558006010 123651779 916496722 296027465 712358148 730292692 92560581 945139045 307970227 790719450 567224967 56460941 235293775 331958049 915719306 997599522 226868160 90178123 950781387 454988024 679668383 506105449 282184003 57283604 762023238 151342059 35633403 144974899 8480868 75438541 844769339 467819842 768521159 157727437 43148777 296365015 899579570 39232924 614922605 165793414 674996133 518423623 244882014 329694960 57435588 716005025 386983600 362976150 800325909 938731552 6680596 185574645 98793374 779587686 511831925 613718857 904517320 908772837 170340905 191616187 225564400 503002199 2986940 723998753 558727528 99944976 184457904 36654263 536664427 899869383 103197192 227389154 180310036 11757333 514207160 436219879 101055264 821265714 826908824 791437602 958726969 48442624 28788042 778693816 877777338 291970244 93924897 305943275 249796638 308486463 32904693 408089795 437845260 871014860 510184932 493291855 985422259 702118768 211089882 778226677 894637699 322990771 283516693 656223762 838406627 992600585 298433700 245337092 731679037 358202761 95328823 512288380 224844446 706581669 314412819 430068825 722532683 343486856 285045936 647731694 799341454 405358011 507634958 634740962 900149524 777005536 918270825 323460032 109396516 301724639 159533885 818974446 712161123 68778196 970866887 200377760 652584971 654709506 175187642 986784684 277109578 652424250 736747412 555338610 765243714 461187609 965992414 412553894 796617240 246301567 952336279 554559862 80388742 298698806 850506388 179902811 951126113 602039502 959077735 80518692 479671821 124908514 440468286 778912080 175928421 890261346 241916127 433623587 753752794 319619640 385389648 393073383 187946957 401545983 815592230 580207749 432592261 860000148 96541158 91122583 115385645 11345619 273741957 917014752 37626975 268751241 137424835 881073764 868924265 21004906 486426049 268117610 968820864 966018914 26519666 393425758 743729858 461671259 620129855 29640075 212694209 351997857 694019347 903972534 190726694 983517316 497872252 611023178 930344625 784584443 199888108 427537263 671502544 277180293 72735055 759761665 542123317 884343019 53166605 695417835 34671301 572642761 961875125 653649631 194777054 660422135 88653280 503522349 397040664 29675347 356766591 604295880 506175352 862353333 267030141 181838969 340249191 117984584 149293663 117453711 228428754 561898453 223836387 428410751 712289148 761818820 355448085 582491312 581752170 969459409 472645666 380849378 216277641 986314107 878757299 174048137 661371096 940965957 941691088 192885446 562485195 682013540 369259406 42166001 444242523 274664537 631184303 540206373 477223944 507418706 936711189 404942869 319122923 668262720 720391919 975386598 303914221 879871303 704087762 382255642 364350114 341102623 858704420 546791718 120934106 11342673 167573121 525596458 72675417 718037638 271688184 187633705 850095287 249035128 555510361 456350499 827219578 304539161 285141087 290540022 139884677 117392484 52567133 233549843 629959222 235408507 632130414 34006926 2004554 208782533 806493863 923351406 320653236 116853165 550401531 95894798 311486244 941171863 675589384 314205804 358014270 283705063 340000895 504039714 544358029 280061962 439598648 818204886 299416694 46536803 281719822 190514165 350856849 637843348 460545894 128676114 352023802 359562125 940365327 207730928 384065613 507737273 428961638 548568960 403953420 664884167 81550081 618066543 669388699 946697377 440837289 535176987 799330625 920790442 487173540 592580512 90191963 948537343 169158557 768447346 251931317 442315172 755749419 524313996 262780940 872148926 120972430 511752018 483503146 612652530 24667747 498900718 964707734 994918794 701960391 989610159 641238315 235261316 719143396 249077026 978961911 310424132 825697214 388930796 715747155 868539031 381699125 622567545 915804417 459798897 628781215 571696853 782674705 993266393 190024972 505895427 629690523 313557102 28490400 805525688 794228966 436759679 456017819 207064945 386977688 128664647 400906762 687938844 118244797 481291926 611479827 489181146 486764234 18048005 297778582 583930826 392051408 405143667 153632899 755367379 255856135 64931156 909702088 195699308 846001489 802235846 120887014 788143050 50850378 636617685 254149846 576589743 832137791 445210301 473217587 634249333 694088867 824650295 768301930 245547830 156262024 164141713 934203396 712508534 780970359 249873600 362544899 734586372 853457046 495308455 489248511 196399882 427972146 628523339 41786124 844877055 701053845 110370398 367677792 578551750 353021586 35126018 363730085 531548514 262517868 188916129 655064568 329342910 848979396 880272092 643888897 575480355 96040401 935459976 771966697 518984014 935563895 623299087 943426127 871674729 440904691 644972106 540823643 386724157 825355670 924113272 567281583 728724053 485661785 699132301 609823937 832580485 245924662 990344634 612290454 180394834 580422316 824614470 670975021 797364720 709184399 663151536 627184201 109971474 468146637 11590496 292936375 551346172 618890130 658146569 243328602 856182812 151215449 159307285 553498252 118538143 335306730 25838890 996376370 199251781 217987094 980280562 427943175 174157192 420852326 670061295 856741659 756243866 143880909 483808316 478950470 524382725 725432652 508016526 565300552 437667505 254489400 971344234 696322291 764205489 743333276 133806949 385774201 334773393 288128065 103048632 529437247 889425103 368260295 860478215 655973030 252596668 710865882 629152236 522819050 708038379 196672065 779578655 425700500 931722426 999178919 26023684 140807423 929683410 101695453 632468607 254643655 440123415 962101882 374592554 90413538 239453900 77330298 417887835 572150992 446524335 646731570 933318652 775925890 737945561 517522030 472203037 619009463 555672934 669805573 891219349 811952649 899218145 621430426 399914650 121997894 641479862 726464523 592433587 966711614 830456592 510891565 741642609 16212622 73678889 981659283 415745122 851371964 727194891 199791727 445812489 682293254 192376125 412866036 754853502 257343456 864288018 998568335 280665172 51520970 963719442 901423413 603577231 329608223 265110870 990447464 550393159 848298323 109423996 12243044 500286007 341260483 801217385 978532201 786728106 160399455 995486941
597156913