10
10
1 2 5 7 8 10 15 18 20 30 
5
473 
169223 496593 846255 1104729 1143739 1166480 1884872 2114439 2201687 2328234 2626175 2628289 2698437 2760885 3022268 3197483 3576195 3659460 3742773 3849759 3922981 4165458 4204731 4386932 4495825 4796636 4908751 5068603 5278812 5650613 5675457 5858538 6320312 6817795 6825655 6915297 7495593 8363852 8603488 8607260 8780250 8891946 8956966 9465141 9509473 9802131 10329709 10490560 10565038 10889699 10999156 11388449 11589596 11651114 11692607 11710389 11841640 12132298 12174377 12581868 12663794 12861034 13351943 13474370 13506605 13771528 13994857 14125756 14328108 14348719 14416151 14474370 14501640 14557425 14714061 14889171 14985983 16441212 16465286 16472890 17135853 17529919 17981718 18089921 18157682 18224531 18722556 18802996 19278957 19354211 20166094 20288149 20293594 20336638 20347976 20841378 21036905 21814109 22021461 22095563 22173415 22178986 22193227 22582757 22765651 23379605 23650557 23788672 24034772 24121038 24294119 24421082 24734728 24787003 24843178 24901362 25362736 25956819 25973179 25977924 26068013 26139123 26252046 26613039 26749539 26907790 26935141 26953817 27125277 27344492 27350116 27895763 28446034 28549722 29204334 29943442 29957704 29993675 30057558 30208048 30308474 30371488 30926713 31028348 31245872 31947122 32353473 32901492 33228170 33230454 33628728 33659598 33680814 33991027 34036747 34527635 34571265 34672618 34752026 35271197 35453343 35737903 35827652 35844060 36032131 36108843 36193864 36290779 36411756 36528192 37153496 37256823 37323065 37560932 37827556 37942389 38058634 38194951 38306121 38495651 38994683 38996652 39106573 39872525 40024817 40289478 40331687 40374051 40479290 40694947 40773356 41044112 41454205 41898888 41927734 42555015 42784582 42883597 43574650 43904281 44454977 44716136 44851752 45575297 45683805 45883975 45903606 46258935 46518618 46543980 46571775 46800691 46841984 46849671 46878578 47097842 47227377 47278741 47634544 47797913 47965504 48052927 48088841 48263290 48506067 48798991 48853624 49072206 49122443 49238256 49331602 49363567 49427470 49975251 50006351 50823437 51530574 51613705 52177538 52912080 53729261 53766473 53869490 53933361 54014858 54162066 54250221 54255799 54431916 54572186 54648973 55305948 55476846 56054507 56406658 56701976 57194951 57345857 57370431 57500277 57601177 58016372 58082747 58117437 58202807 58461822 58638340 58758476 59072946 59263376 59404753 59453824 59605276 60502628 60671380 60768703 60889679 61079106 61210905 61294493 61730287 62597522 62839488 63377754 63402892 63549528 63595876 63681182 63729747 63804892 63808746 63853211 63874496 63911625 64077871 64429021 64595181 64680566 64948321 64988471 65065695 65086092 65208656 65408024 65436103 65733168 65734499 65822294 66058808 66256753 66460687 66716997 66721078 66834638 66892970 67022914 67044092 67181369 67197340 67748292 67896105 68003625 68078862 68487224 68604920 68661903 68743840 69646227 69655736 70156566 70272238 70299881 70448021 70683080 70799360 70868112 70982077 71228620 71243546 71384443 71409043 71495257 71588865 72322671 72863556 72977787 73141770 73455301 73804528 73901581 73961375 73986414 74089113 74146875 74656055 74738201 75243285 75294558 75363905 75818921 75858561 76018741 76253652 76468840 76503603 76527786 76824763 76979415 77083408 77595576 78266718 78450504 78542609 78605677 78617312 78930934 79199222 79778973 80016307 80122268 81003886 81087394 81715556 81900495 81975839 82067422 82068816 82097169 82301068 82331634 82602363 82655362 82769990 82947683 82987875 83015934 83051632 83289407 83305965 83619448 83703014 84103033 84336528 84372517 84417920 84427036 84493317 84575661 85025229 85089460 85114674 85216775 85295434 85620947 85726301 85988261 86081256 86091807 86167111 86221514 86713136 86959011 87050133 87317547 87348432 87374964 87844915 87950729 88231700 88369977 88704071 88911011 89213779 89323460 89532961 89628544 89699401 89858122 89907950 89972210 90296560 90797748 91516842 91572020 91577501 92422576 92587913 92728032 92791631 92887032 92888050 93278290 93977352 94067073 94176814 94290696 94570175 95104260 96072145 96404863 96715800 97190434 97605335 97651009 97737521 97745440 97973848 98099384 98518071 98567601 98810058 98971746 99437057
96715800
179 
816657 1055815 1419937 2836167 3912930 4822528 4993831 5330978 5658299 6811932 7127768 7652332 9022658 9387418 9677895 9740441 10056189 12262572 12481783 12603404 13313495 13322460 13572869 14040537 14576658 15521825 15597287 15795291 16024086 16860962 16920040 17397828 18013325 18601624 18770074 19573525 20903286 21563057 21664737 22006526 22477791 22505034 22680141 23242004 24442142 24465706 26845653 27841756 27904977 28057944 28186520 28192653 28627670 29149531 29276737 29368690 30474467 30509242 30956070 31091999 31199989 34523840 35139400 35253804 35651163 36536992 36905695 37004159 38354732 38570505 38911483 40268983 40766353 41421538 42158975 42336125 43086301 43299122 43686762 43785406 45416161 45503140 45858414 46346376 46988893 47138616 47322662 47757851 47971775 49288631 49521429 49827223 50898717 50902494 52572737 52617556 52888934 53078403 53756431 54204646 54608452 55061746 55299792 55328614 55621508 56166497 56334558 56845656 58530557 58876839 58951380 59758580 60118762 60197362 60346918 60869785 61284429 61337126 61827597 62249190 62369741 62412996 62646725 64872736 64876649 65340353 66288446 66683267 67080316 67510121 68668509 68785759 69352351 70051566 70592264 71452011 72195891 72326175 72419351 74677443 75490220 75668215 75879327 76092362 76299382 76460747 76515009 76873423 79696316 81265199 81504676 82113902 82145746 82678862 82794355 83511072 83979593 84272182 84643470 85094196 85576634 85745597 85933764 86225649 86351797 86627004 86804343 87620450 89402959 92633426 93771869 93909890 94803017 95287753 95521075 96175485 96217869 98425485 99627636
7127768
880 
42190 65096 212566 363105 392444 405529 514992 519698 535429 639294 683370 737802 746044 805752 905502 932353 1036597 1042445 1285672 1305300 1788742 1828567 2000116 2185386 2352040 2440247 2510875 2598608 2788268 2881159 3045160 3058253 3246395 3370336 3463433 3790581 3866526 3962166 3990684 4020276 4244899 4356142 4376309 4481557 4573338 4780607 4797846 5052238 5112044 5354357 5376158 5542848 5604612 5958088 6280139 6361267 6390680 6448480 6566601 6612518 6718616 6738011 6769445 6785213 6823581 6830234 6875612 6985928 7077670 7285843 7551831 7559434 7572030 7837435 7920166 7958120 8053868 8660072 8770792 9189243 9376508 9388904 9468322 9511236 9631517 9833242 9845519 9946740 10145918 10240220 10362537 10779424 11024569 11128305 11145795 11554943 11830644 11891066 11938184 12020701 12091123 12178958 12506453 12632619 12695664 12724366 12764192 12764989 12779849 12802310 12986079 13310796 14294033 14609771 14630012 14703989 14716105 15066875 15115384 15191916 15210084 15269456 15710401 15720613 16005676 16073103 16077611 16140582 16288316 16297507 16373909 16474466 16561567 16563218 16737241 16966734 17058761 17089443 17137740 17300972 17308590 17333778 17337503 17399677 17480662 17483788 17503548 17573304 17631408 17633024 17964444 18473290 18521596 18637888 18716050 18801723 18957535 19019219 19026024 19218244 19744438 19949147 20062442 20205178 20215191 20263715 20324632 20326543 20328750 20391301 20533802 20681036 20722999 20868840 20880447 21006610 21177607 21198959 21706903 21778903 21917977 22010139 22060183 22391966 22622170 22869735 22876305 22980057 22998107 23077955 23120213 23225003 23467120 23526568 23600190 23767953 24230984 24513585 24531524 24716198 24810180 24994670 25052309 25207185 25315296 25707268 25848487 25918288 25985846 26136235 26172198 26309398 26321310 26364387 26367510 26492578 26572733 26938775 27052275 27459292 27603994 27766609 28162575 28195157 28259410 28282997 28294827 28298092 28365650 28743083 28755278 28776355 28863338 28879678 29009848 29055914 29096074 29231383 29292431 29349566 29382102 29400267 29616631 29734218 29776470 29881296 29912817 29925528 30076158 30224507 30294922 30436756 30454044 30710599 30822191 30858248 31026322 31138722 31233598 31237780 31302553 31307724 31356923 31500241 31518753 31672438 31743099 32070321 32098844 32259342 32349574 32384560 32385011 32605823 32738248 32748516 32809556 32815974 32942165 33042734 33044291 33053637 33206553 33385958 33400229 33431310 33436265 33469538 33654686 33713608 33737874 33738527 34130527 34258282 34549891 35028520 35075495 35132653 35173510 35198204 35534057 35662734 35731822 35795493 35926107 36200190 36261662 36399298 36467741 36650804 37008795 37019135 37056250 37175809 37371471 37506788 37522126 37588380 37635441 37766501 37811185 37927672 38322949 38377997 38575958 38588768 38692197 38755673 38802959 38838568 39078361 39130497 39313666 39400249 39516440 39541573 39681074 39695759 39745531 39946315 40065169 40138907 40194763 40305366 40528304 40746958 40838475 41081441 41109352 41311062 41329850 41520965 41694030 41709147 41877820 42013226 42382537 42443991 42535509 42549281 42728082 42972741 43310349 43406083 43509408 43701396 43744683 43875697 43886745 44157643 44165944 44167521 44241167 44319371 44343117 44555084 44570996 44641812 44724322 44744695 44993471 45144462 45264313 45301372 45395564 45484801 45629058 45675771 45802453 45892096 46048590 46092324 46134104 46673298 46716573 46897595 47245594 47247786 47356600 47358002 47500690 47501954 47635206 47856534 47864622 47900198 48267900 48410340 48489959 48728260 48819161 48864026 48878681 48903686 48945083 49016591 49180672 49184004 49737041 49796876 49863846 49973927 49992477 50049700 50151269 50199218 50315190 50425827 50543598 50630557 50974788 51335963 51362118 51510028 51542102 51671871 51680752 51722344 51758593 51758969 51831998 51882540 51978767 52016233 52165465 52230451 52233608 52387837 52478134 52552848 52559071 52582348 52585891 52618472 52682241 52713212 52739065 52864928 53062605 53150573 53185816 53249918 53252257 53310334 53312681 53552944 53742686 53835111 53840215 53854032 54078826 54091494 54268804 54273524 54355451 54433381 54444072 54452036 54464958 54490920 54703014 54711175 54729462 54881214 54925069 54934329 55007554 55132127 55161564 55231661 55257332 55340487 55786249 55897033 55945634 56220088 56261955 56321226 56336788 56384876 56642277 56925217 57027412 57148636 57205244 57222353 57300284 57660670 57750196 57794630 57970905 58131527 58308313 58366692 58370865 58378582 58601461 58981214 59134464 59144733 59190375 59432199 59472283 59524409 59727519 59816163 59834146 60085807 60209132 60222728 60293461 60338821 60428370 60464163 60677329 60678525 60966398 61039355 61071718 61125879 61253432 61471373 61554025 61658903 62026582 62056892 62095067 62337455 62456959 62596431 62652120 62706235 62874641 63008072 63095977 63124741 63150487 63399593 63471936 63492103 63787382 63809991 64147528 64215635 64309476 64356086 64426899 64439463 64640501 64852317 64995228 65000403 65079781 65328867 65346988 65591224 65684312 65691865 65743574 65911052 66023406 66160717 66173091 66401674 66512832 66540552 66616436 66714121 66747462 66820776 66979562 67067262 67133334 67224863 67274237 67328245 67562967 67878611 67924582 68063962 68196829 68497736 68502829 68559275 68670911 68697545 68891283 68947521 69004288 69219136 69346990 69353812 69523884 69573298 69635726 69660824 69671541 69698669 69750147 69753286 70204343 70212758 70349531 70447421 70499072 70582431 70664145 70759394 70831549 70832376 71116189 71116289 71276209 71547863 71551727 71696624 71738640 71841257 71853281 71878299 72027530 72163930 72299811 72527381 72565684 72701067 72913964 73056215 73100158 73330686 73331632 73390246 73663888 73698431 73778716 73856007 73859300 73912317 74080106 74104857 74354753 74400452 74698749 74709781 74738690 74826135 74831932 74953009 75010880 75058127 75172230 75367275 75418192 75493506 75524053 75890968 76779010 76839883 76921037 77139450 77275532 77442621 77475037 77500467 77564910 77583417 77680009 77685626 77874723 78025978 78175680 78186847 78326199 78451485 78625514 78691012 78719507 78741395 78804129 78974660 79047628 79119024 79207423 79349515 79387580 79485963 79522747 79530104 79581753 79776553 79784425 79925867 80246863 80481408 80561997 80662129 80792309 80856327 81031643 81041971 81129852 81190585 81348371 81514925 81594454 81623382 82244554 82324466 82328422 82333817 82576603 82711621 82822720 82858782 82913750 83049752 83244166 83255510 83262728 83311507 83311609 83454367 83551456 83583756 83706670 84020005 84166892 84217156 84364163 84446931 84788169 84997143 85072786 85247182 85256919 85412019 85544665 85550221 85713948 85799409 85894879 85920033 86005776 86049220 86181433 86202080 86282937 86467417 86510563 86993956 87004390 87183954 87325108 87438870 87591592 87703342 87807864 87854123 88088174 88228804 88608085 88742623 88814708 88994847 89089168 89097127 89206615 89240050 89292709 89356671 89410903 89468469 89626156 89635091 89793929 89919219 90069014 90219039 90405029 90453153 90498767 90502828 91030786 91077565 91128733 91315767 91465043 91488478 91489224 91587585 91622437 91623911 91735832 91955090 92089885 92227210 92382508 92445950 92539618 92909821 93223273 93342689 93387781 93462089 93535886 93558778 93583299 93874442 94109326 94177300 94404787 94459287 94534568 94548022 94580560 94661688 94675447 94824922 94844772 95201816 95366806 95393448 95425813 95467348 95592239 95685716 95789930 96020733 96052516 96200616 96287202 96433231 96546675 96650365 96769994 96885073 97008511 97208421 97268730 97336336 97529810 97556423 97599155 97618296 97618641 97624952 97680546 98173126 98261488 98265662 98312738 98562033 98839655 99157437 99388731 99539639 99545666 99556567 99877476 99912886
89468469
782 
248589 406384 460903 675602 739957 797834 1256802 1320708 1336606 1520539 1573442 1601622 1854728 1946809 2147508 2244529 2356837 2486460 2579806 2674663 2796557 2955524 3007757 3151792 3201600 3208202 3603903 3869782 3986680 4281656 4677080 4713588 5011562 5287871 5480052 5566283 5780542 5849705 5960331 5983278 6027690 6059401 6294806 6359615 6619390 7257419 7393542 7503383 7518061 7586886 7652608 7841640 8155341 8285069 8348164 8453377 8472622 8482253 8494762 8684949 8822801 8834575 9166209 9433311 9605666 9706365 9933669 9981866 10017391 10085460 10103570 10450084 10486889 10523259 10605949 10661298 10721293 10731761 10818661 10843999 10936097 10936465 10940197 11052496 11088551 11167770 11239056 11249230 11329324 11373595 11459115 11811752 11874019 12033156 12042722 12274831 12315150 12322735 12365035 12438774 12510118 12586702 12606038 12608855 12748308 12861457 12893613 12993771 13224391 13321021 13420757 13424147 13767833 13931507 14079727 14286665 14350495 14389942 14609085 14704868 14863076 14907670 15016257 15130590 15256634 15367162 15440929 15468822 15487659 15823593 15854069 15958796 16070264 16101981 16255939 16610049 16971955 16988600 17152757 17349306 17769687 17987312 17995069 18022037 18088011 18144191 18167875 18207315 18215951 18504931 18783603 18988487 18993888 19387392 19436551 19448840 19567834 19601351 19670552 19682677 19852827 19936482 19984856 19987174 20064702 20103035 20267859 20301130 20444840 20459878 20627842 21013456 21268468 21382058 21449788 21730727 21771767 21876763 21895593 21922986 22002823 22176375 22440329 22524198 22639130 22836134 22854811 23163651 23307607 23351409 23370395 23389766 23458486 23612158 23706605 23730085 23731205 23980716 24376688 24515852 24636464 24874881 25204951 25467538 25564544 25581930 25803938 25851071 25959324 26071581 26081129 26143741 26147432 26170956 27024821 27358096 27645826 27693637 27719853 27796057 27951487 27972947 28309964 28500232 28525506 28551629 29039522 29107623 29277011 29371072 29526059 29635906 29638461 30103497 30113957 30291084 30398683 30580835 30592126 30671832 30673661 30702299 30784512 30854589 30875887 31202264 31203087 31660730 31743619 31797326 32077150 32256523 32467068 32482911 32538052 32723723 33040904 33042528 33134094 33169754 33242196 33245482 33283481 33338214 33351687 33381012 33749401 33880979 34295484 34375722 34424889 34465543 34821246 34879065 34981402 35049529 35122809 35351517 35381076 35499230 35576263 35880043 35967580 36110606 36168957 36309509 36339294 36960849 37020816 37069437 37094832 37234145 37358971 37595992 37784815 37817596 38094892 38294442 38448175 38523225 38539675 38805828 38853493 39025021 39071701 39239370 39338056 39416030 39428535 39949404 40006400 40278192 40303190 40306537 40417271 40622950 40746331 40756212 40759689 40914768 41391062 41396848 41934949 42159193 42275276 42292051 42615427 42635368 42704820 42789527 42806217 42830852 42858847 42911930 43093026 43188860 43434076 43466420 43541963 43581719 43869565 44134593 44140919 44266712 44576862 44645722 44977414 45034052 45176720 45254791 45424336 45467976 45812677 45920167 45935357 45988292 46107095 46178654 46355073 46401394 46403118 46535569 46658783 46702317 46737666 46894855 46965623 47042869 47050722 47155509 47242374 47451628 47475532 47487219 47675604 47703044 47855522 47860385 48248776 48291625 48307030 48346467 48423392 48598871 48822041 48825526 48994846 49147454 49327964 49343693 49440520 49589357 49625960 49686524 49808122 49848695 50083374 50112017 50204545 50279716 50378964 50380891 50443448 50493802 50497265 50622319 50962716 51163684 51244641 51319287 51653620 51689410 51717950 51778082 51966987 51998939 52073971 52204267 52558484 53175301 53319917 53371384 53378997 53453076 53639437 53902359 53945775 53985466 54179877 54183293 54249839 54441508 54555186 54580603 54628233 54929957 54975274 54989657 54995015 55002554 55022064 55141623 55304430 55564886 55691259 55743170 55782428 55905013 56130068 56214580 56732571 56798942 57166932 57263494 57376415 57381776 57522354 57598211 57741625 57825996 57870940 58055909 58141330 58212620 58293271 58337722 58396934 58446294 58508434 58551116 58562098 58591409 58793557 58829543 58845109 58965278 58987221 59154498 59267649 59324348 59360379 59371786 59373563 59557367 59805757 59933065 59966525 60110607 60230949 60507767 60587340 60781981 60967567 60973932 61098728 61263716 61353459 61380912 61546160 61666192 61763142 61921981 62009698 62113475 62425394 62444861 62449542 62609479 62763350 63110820 63123863 63230885 63360634 63603974 63803890 63929878 64208462 64570638 64699106 64735988 64911960 65052881 65080404 65263221 65416231 65419973 65461324 65624065 66090620 66517040 66594897 67049799 67254409 67286701 67345121 67705963 67822464 68206760 68308119 68517198 68905790 69158384 69405715 69458713 69566163 69665913 69757176 70110792 70144881 70406820 70613919 70720377 70754962 71637849 71668128 71775719 71997573 72190798 72224472 72296402 72346104 72826679 72918788 73082322 73117076 73325034 73429608 73472547 73682422 74102220 74147121 74211807 74220382 74302247 74488855 74572089 74600677 74685468 74686695 74709577 74774630 74837125 74864726 75542698 75643353 75702161 75703403 76063240 76121750 76216707 76456936 76480346 76564838 76655585 76657414 76776211 76901028 77014600 77028100 77247471 77275533 77279661 77642894 77684113 77728427 77753978 77883522 77915109 78054862 78140474 78185015 78204525 78668277 78709298 78765516 78771648 78785053 78928926 79537460 79540459 79551703 79609211 79643915 79934280 80052990 80355842 80428180 80476924 80644279 80757149 80941544 81027989 81035063 81134039 81193917 81497538 81509674 81602175 81792268 81937179 81940556 81976882 82078992 82413103 82427462 82472408 82475624 82634014 82640728 82794227 82851806 82958651 83110647 83217570 83258613 83661392 83815764 83960616 83971684 84113894 84638560 84640499 84717895 84882714 84889353 84900883 84984811 85302490 85378067 85447284 85655286 85743224 85870641 85938805 85939216 85968482 85974736 85997641 85998555 86020029 86197381 86281276 86367859 86434942 86596824 86903715 86967351 87041903 87092262 87163426 87216795 87228535 87231624 87303098 87364126 87396464 87752221 87804173 87806858 87991744 88084181 88240467 88515982 88734188 88820468 89012400 89092157 89155297 89394540 89940304 90066252 90262143 90286015 90458842 90710161 90783976 90796643 90951010 91281453 91322851 91409708 91508857 91585221 91623018 91696772 91818592 92317424 92532857 92568484 92807276 92989569 93101059 93182625 93364738 94017919 94058164 94170103 94198855 94226960 94322866 94465024 94486354 94541289 95370229 95462489 95579768 95583683 95799092 95820460 95844287 96066107 96080024 96092994 96169963 96205184 96206278 96280514 96523974 96849089 96958996 97239857 97401314 97679663 97684581 97847903 97892646 97897271 98047854 98218668 98252131 98350635 98390823 98391773 98577633 98611738 98765786 98908519 99208529 99388614 99647638 99679714 99767421
19670552
207 
263976 444429 501577 1540259 2631403 3640657 4234800 4312114 4352699 5386587 6680380 6687800 7353491 7738227 7956803 8081588 8837360 9051889 9117415 9166020 9412656 9442975 9577248 9631079 10106257 10841353 10855335 11305878 12178747 12608496 12753677 13170961 13751625 13994046 14306646 15598639 16809586 17056845 17378497 17411222 18173531 18217817 18365501 19028127 20130205 22356254 22912713 24159253 24297594 25218918 26183047 26403811 26996789 27242087 27405567 27564681 28425058 28969227 29270074 29391202 29470802 29726329 30002087 30002558 30335636 30751344 31213713 31607338 32047917 32186056 32355079 32535082 32665956 32862344 33611841 34042534 34206533 34241947 34254637 35107482 35185863 35820831 36498092 36636597 36804186 37133181 37462007 37614930 38101999 38601747 38952884 39154847 39328360 39355962 40498133 40531324 41005211 42152452 42631765 42867409 43872951 43936140 44779067 45136052 46185928 47124155 47483689 48034190 48758334 48799549 49527227 49942546 49971769 51044398 51167594 51191818 51693437 52002289 52186425 52549692 53280100 53707593 54120337 54955381 55452716 55517192 55761890 56034037 56991539 57289025 57927280 58773203 60078190 60870448 61083997 61812455 62157311 62269899 64640959 64675723 65195546 65445815 65595892 65959953 66099469 67744063 67888965 68126007 68354172 68812590 69626925 69790640 70127538 70958025 71193758 71195206 71459849 71866328 73638108 73688548 74936183 76501294 76513643 76800970 79871588 79887974 81467973 81704123 81830018 81953955 82325188 82415055 82976397 82985628 83154200 85281907 86109579 86550920 87298352 87518900 88782609 89399734 89461356 89873533 90560142 90665448 90742985 90874493 91204678 91877794 91922227 92176866 92510285 92916527 94888660 95119546 95347734 95756543 96015449 96459859 97128215 97440049 97716035 98609144 98743324 99645011 99970431
61205513
761 
120643 327645 381615 384422 426416 535982 554815 880310 896517 929914 1109350 1160033 1202221 1253773 1264794 1330018 1529790 1903603 1976309 2118014 2425160 2675994 2860178 2950398 3168710 3298370 3579700 3905823 4168437 4213058 4323569 4550003 4812405 4891387 4933448 4949192 4954705 4988112 5326115 5368609 5558025 5662755 5693781 5696192 5781153 5857947 5933713 6004613 6033125 6085626 6160037 6491490 6534277 6589402 6680223 6740517 6841849 6994173 7004983 7049991 7202797 7325022 7632618 7659835 7747099 7802280 8101820 8148748 8411770 8629427 8753222 8952308 8960792 9036818 9290990 9804115 9878924 9934365 10064884 10222613 10234111 10359665 10417876 11318275 11493640 11813129 12052300 12199583 12308288 12430149 12769741 12813354 13089620 13415337 13454503 13590259 13776025 14034438 14174996 14181127 14198755 14299781 14474869 14857822 14860368 14880397 15061014 15088155 15139253 15172355 15543118 15874380 15875914 15982070 16078839 16095342 16104112 16122295 16317096 17205630 17245589 17314522 17318727 17625206 17687284 17751333 17826921 17913045 18144608 18301199 18536457 18588926 18640524 18687301 18690195 18752257 19221126 19291873 19369738 19550852 19770700 19812432 19992148 20039231 20464036 20621030 20792033 20976337 21086264 21140999 21320387 21326963 21438879 21467381 21487440 21492667 21627224 21773588 22034077 22616707 23033280 23057638 23059832 23228527 23406383 23710381 23726498 23870704 24311513 24429227 24519096 24838789 25077259 25638686 25739844 25807851 26261284 26470294 26575875 26762415 26987753 27163967 27342845 27551286 27628837 27638919 27982696 28091542 28168753 28355167 28421137 28454510 28564747 28580230 28654396 29071714 29125821 29145335 29206569 29289937 29632007 29698699 29714095 29767609 29863048 29987245 30040145 30151752 30389670 30509204 30559269 30565372 30674884 30701257 30828460 30996999 31247684 31465460 31500527 31647323 31966988 32133707 32138465 32160321 32249550 32298403 32303509 32391902 32518839 32999160 33356126 33412627 33422886 33460933 33619391 33660184 33739853 33744528 33860853 34287145 34426323 34525978 34546338 34549811 34707126 34971846 34979656 34981479 34997451 35209973 35232684 35425376 35584007 35951487 35992004 36286307 36612641 36803937 36909915 36932340 36966547 36997388 37534006 37647792 37746807 38159899 38238615 38358840 38446714 38456385 38584623 38610469 38656547 38673353 38716500 39023557 39191792 39243638 39661721 39711802 40031545 40149255 40174158 40183734 40366296 40381907 40408139 40438252 40455265 40457205 40459342 40600206 40850301 40953578 41101529 41170249 41236963 41263845 41326883 41374814 41469882 41747004 42121199 42320159 42362983 42409268 42492194 42695450 42723904 42812930 42873536 42951999 43001525 43087845 43368510 43428562 43526470 43629175 44050387 44090993 44201977 44267808 44351619 45019917 45089222 45208888 45473050 45478671 45562026 45637925 45835714 45874597 45936623 45951263 46035886 46241480 46529888 46601468 46665422 46706751 46868614 46960863 47018743 47191615 47212381 47710956 47751377 48186995 48290901 48445548 48488409 48758843 48818815 48880845 48884163 49003136 49110239 49556702 49603376 49828805 49883459 49921847 50192737 50461687 50770577 50802122 50947333 50963056 51075503 51250110 51307114 51354393 51530508 51686893 51691663 51940642 52118143 52126185 52185508 52276199 52417233 52510207 52541777 52641277 52649185 52683964 52769802 52780380 53003251 53050529 53156778 53202920 53360251 53388825 53579624 53700870 53931091 53971826 54115854 54239991 54265972 54500187 54724616 54799709 54842249 54955207 54964350 54973364 55003644 55024377 55027930 55109407 55224168 55520591 55693836 55878770 55898695 56094572 56113262 56148036 56193817 56284069 56539302 56636078 56789547 56927017 57001644 57109549 57138840 57179847 57264728 57601939 57797634 58109222 58128158 58217972 58419828 58633250 59007626 59071051 59228797 59231529 59267446 59299678 59349309 59400275 59611697 59932749 60438886 60478768 60583194 60813895 60908297 61061178 61085124 61198112 61294960 61299021 61536078 61579762 61796569 61982080 62078065 62092631 62164178 62341285 62365216 62496037 62514114 62515778 62595369 62963031 63011960 63030810 63149586 63229470 63332837 63774455 63830351 64089637 64121130 64257223 64379028 64390217 64423112 64432629 64500753 64588044 64765665 64813734 64838977 64965158 64998448 65108633 65133396 65224894 65277738 65674387 65771856 65939951 66087348 66274276 66328032 66401867 66615433 66644508 66663947 66683766 66685011 66693051 67091922 67237570 67471907 67856183 67985532 68031611 68067231 68073977 68193857 68262371 68360256 68374124 68798268 69236732 69615230 69628838 69682603 69859869 70124684 70277402 70317288 70341935 70365720 70446299 70547806 70700126 70705174 70759323 70772428 70911070 71044207 71447077 71573883 71643659 71681299 71737325 71861421 72091399 72143782 72149366 72254659 72397982 72434822 72506187 73292387 73349551 73438435 73474326 73596966 73722936 73826670 73946266 73958619 74107794 74277315 74293658 74515223 74604514 74628132 74656862 74712834 74722950 74780430 74804348 74813787 75027191 75082646 75089592 75100451 75134328 75212382 75511357 75512255 75615078 75668939 75671627 75676262 75777540 75953333 76036021 76110812 76123610 76493742 76574892 77238784 77517979 77777362 78243062 78294298 78641143 78898948 79059752 79071638 79092567 79327741 79485949 80022055 80156828 80165735 80166465 80178485 80254596 80289364 80438449 81142504 81283432 81284745 81287716 81289142 81355901 81595673 81610481 81627219 82023632 82283165 82309075 82311832 82389461 82473823 82766348 82771196 82808951 82878616 83073739 83114745 83223505 83506460 83537299 83778068 83778392 83886390 83901074 84089608 84110858 84379843 84718146 84994104 85021975 85027318 85277117 85368415 85475453 85519909 85683902 85707551 85754989 85945135 86091800 86109032 86120127 86272987 86306693 86306706 86478776 86669684 86727879 87045829 87368806 87666789 87851533 87983862 87986011 88112781 88214956 88237167 88435498 88606666 88619084 88787130 89006358 89043123 89182068 89314959 89325421 89350346 89500441 89569475 89612662 89769691 90009588 90478738 90566202 90695717 90733030 91004438 91029972 91044727 91100329 91245819 91297945 91374156 91461281 91518049 91666228 91823507 91868246 91868288 91881646 92107871 92253751 92629259 92750511 92803691 93170889 93224732 93263993 93649447 93661009 93766387 93804921 93950179 94212487 94262864 94633164 94682083 94813200 94825630 95064324 95265088 95395739 95435696 95663109 95849187 96112462 96142712 96551668 96597319 96648043 96793785 96797801 96820433 97296443 97549845 97823040 97907319 97936601 97961876 98007849 98201795 98294719 98388664 98394239 98444484 98679453 98930332 98988610 99008090 99265529 99599882 99648110 99693726
95849187
687 
130873 443695 460051 469756 576470 824337 890777 981791 1053532 1308457 1482843 1644919 1910383 2282630 2555531 2735231 2783507 3189990 3608121 3726211 3953677 4012319 4341510 4605467 4945486 4965412 5115380 5149855 5400727 5631850 6122398 6306886 6392722 6480021 6866619 6941938 7398483 7654372 7972906 8031690 8055287 8279872 8518571 8597876 8899273 8905119 9309844 9376274 9505181 9770195 9945090 10012934 10100153 10181357 10256376 10870958 10915449 11331447 11463435 11464409 11535679 11777441 12176958 12457032 12545090 12605299 12860043 12909952 12917495 13167398 13323343 13326522 13340288 13526812 13531427 14011989 14117510 14135108 14144074 14370539 14753910 14816517 14867301 14892915 15230448 15231306 15246304 15280340 15586167 15766398 15978653 16089766 16253706 16280293 16419421 16424525 16601871 16622292 16678057 16787761 16911197 16923073 17069238 17171793 17738902 17815855 18009617 18508473 18717400 18899929 19045354 19202703 19225706 19667808 19683603 20005329 20085234 20213369 20282848 20564305 20588038 20717929 20844811 20906942 21174771 21175122 21251774 21462874 21607890 21817269 21838512 21910109 21969035 22156588 22305010 22365635 22377315 22440676 22809364 22886499 23088159 23422177 23807506 24350237 24470198 24507017 24567985 24611632 24611692 24667180 24690521 24698467 24907160 24910180 25004764 25011010 25094815 25235742 25238896 25301669 25583456 25615885 25636305 25880263 25901747 25967534 26087789 26140873 26149002 26209772 26254777 26308112 26566822 26823802 27145702 27292928 27445012 27461605 27988057 28026662 28082400 28226273 28303805 28569220 28575563 28596432 29035440 29140715 29142984 29373627 29408412 29461942 29627578 29705647 29801371 29812530 29966149 30188135 30193225 30563308 30574872 30879468 30904176 31211507 31285773 31299865 31520777 31807192 32055673 32086597 32119994 32127887 32260785 32272922 32612285 32618834 32784159 32918267 32952519 32983943 33023657 33266300 33565754 33738451 33841601 33956007 34153662 34155572 34458591 34508966 34540048 34625654 34890277 35278344 35329140 35464840 35500187 35702517 35776220 35954357 36234427 36464052 36522772 36951757 36953869 37316696 37596506 37692680 38284268 38462082 38540126 38655717 38887999 39605248 40162190 40215627 40375414 40401299 40555978 40767772 40801753 41144477 41470128 41642320 41808111 41831610 41921117 42133079 42499232 42714376 42788059 42857041 42950085 43032867 43173890 43187583 43340007 43410117 43929802 44627557 44797231 44992373 45034581 45104961 45233320 45340642 45503412 45511012 45711445 45845569 46046077 46071537 46240302 46247062 46259491 46330028 46665602 46732393 46934692 46986049 47232742 47273278 47453052 47568313 47598762 47658565 48027189 48086313 48262301 48269686 48343770 48691117 48830089 48927206 49041761 49123925 49417060 49470913 49823758 50004885 50278637 50348716 50408570 50559951 50671575 50677299 50700123 50900532 50913634 51220445 51240239 51497730 51527979 51796674 51839098 51955679 52012505 52041829 52183016 52399250 52557734 52578120 52603322 52633256 52694723 52730347 52772204 52815539 52886223 52916717 53160029 53761102 53833834 53876173 54024012 54029200 54327146 54379060 54481629 54679528 54802886 54896459 54988211 54993943 55101445 55111608 55197096 55284571 55293286 56019560 56213300 56336290 56653863 56697881 56824367 56835782 56844394 56882572 56967607 57063626 57160586 57237000 57374247 57398733 57474745 57668378 58564528 58826844 58842678 58885899 58987048 59050823 59281341 59563971 59855380 59999123 60031209 60282081 60341781 60660274 60695683 60743324 60820458 60824143 60854775 60924815 60926594 61042426 61080788 61285200 61285460 61384266 61391325 61449950 61597452 61854226 61887106 61910832 61949965 62029425 62036223 62081304 62346146 62438781 62712598 62861304 63244566 63591790 63814982 64167730 64890743 65337424 65425067 65468039 65605457 65768144 65800915 65998292 66015267 66089097 66090401 66091994 66439345 66533539 66808677 66978664 66993747 67062520 67115629 67415606 67695027 67724325 67752198 67800175 67839512 67919610 68443650 68536184 68644913 68707786 68748287 68782129 68885746 69106030 69238504 69315309 69384644 69432271 69512596 69701945 69714390 69889632 69986821 70030689 70189161 70215721 70490546 70574023 70687250 70764914 70791493 70821281 70854015 70921987 70940500 70957886 71053078 71134908 71376350 71525115 71683653 71693784 71738436 71888634 71977376 72104353 72124085 72196065 72270169 72315241 72997159 73053753 73094377 73166168 73177811 73202967 73415256 73498568 73539541 73612603 73655924 73905807 74052310 74085671 74101699 74121952 74165310 74283630 74536972 74606990 75351010 75508320 75509894 75555566 75763781 75775444 75836925 76079120 76305617 76394982 76762033 76781585 76850250 76980779 76988904 77105533 77162599 77207261 77645290 77671837 77784202 77998147 78041229 78135295 78236701 78246122 78275707 78284683 78861261 79035409 79268103 79340027 79369588 79435043 79568290 79869343 80176241 80238469 80391509 80401237 80598056 80811346 81093158 81128425 81436244 81505054 81664464 81741271 81870744 82385497 82702053 83115961 83401676 83464824 83499010 83741559 83888030 83894981 83987334 84106899 84191156 84409004 84481735 84611717 84656301 84802537 84953364 85332744 85357145 85392488 85520944 85876764 86036477 86286824 86350964 86642477 86810174 87289462 87425451 87560749 87622646 87783952 87818827 87875550 88061529 88094023 88119302 88174775 88191719 88387005 88430963 88445856 88482082 88834931 88855533 89019359 89159713 89225833 89544518 90070459 90124004 90184510 90354829 90655944 90774157 91074261 91849927 91933907 91998543 92070621 92503729 92511827 92680406 92788623 92863408 93195421 93211083 93226597 93249804 93256751 93293684 93308824 93309358 93398215 93412333 93893879 93959843 94431574 94571820 94576880 94668332 94920210 95039682 95139767 95336407 95420577 95568138 95737208 95808142 96278640 96384771 96392796 96460354 96509858 96717945 96728851 96843953 97155027 97155085 97272259 97439864 97469688 97665684 97817099 98064545 98090004 98212588 98454391 98589127 98641132 98681837 98763819 99028859 99269590 99282700 99377236 99560525
13531427
372 
3562 197626 202599 330480 510989 756748 976924 1327192 2562252 2688725 2710811 2801488 2808048 3121556 3126725 3573553 3681820 3802060 3864356 4028758 4082120 4349377 4498389 4636441 4696823 5348813 5538540 5609874 5861934 5872175 6176974 6281084 6555887 6978274 7144100 7283916 7784711 8147447 9364378 9788146 10163504 10169354 10279296 10593147 10898113 11089663 11181036 11229589 11414417 11851068 11892870 12151357 14280106 14354966 14379548 14537766 15205326 15241786 15352764 16153838 18144182 18236142 18545740 18677321 18988994 19062685 19315707 19933513 20153643 20158958 20170472 20359065 20458204 21755709 22911826 23047924 23376269 23402882 23575456 23613240 24105661 24168169 24277491 24342330 24729414 24860382 24905519 25846165 26570818 26709125 26903567 26997074 27018832 27066757 27111952 27451011 27534603 29410234 29986594 30523117 30621708 30636857 31055723 31202340 31426999 31479978 32264209 32333936 32448647 32996034 33299644 33332509 34443804 34583489 34666448 35157432 35235448 35512771 35528492 35654541 36014565 36232509 36237723 36862014 37006705 37015427 37275828 37384725 37560393 37707691 38339036 38570858 38911350 39462710 39525627 40089275 40640095 41049333 42054410 42216534 42821675 42962183 43083838 43117715 43408994 43858703 44938155 44948199 45039775 45457371 45589348 45846352 45897723 45961794 46040709 46306529 46778977 47193951 47360129 47598634 48363793 48544052 48570973 48602413 48675258 49150274 49211370 49684665 49765767 49795439 50124283 50325098 50390325 50436281 51482578 51522022 51547636 51891074 52025636 52362867 52559151 52965047 53039629 53123203 53300484 53362394 53577386 54168216 54188273 54188450 54548403 54661053 54783528 54794558 54810631 55279569 55401739 55465060 56275414 56363208 56549262 56621861 56705039 57224914 57289818 57374851 57647612 58176106 58607177 58666624 58899569 59296777 59519353 59533189 59913341 59963772 60249551 60827966 61304803 61509346 61513742 62306808 62851940 63964089 64026955 64153678 64562448 64659441 64713310 64776958 65228988 65395832 65443426 65677153 65971783 66156095 66486914 66729210 67053889 67169847 67257318 68170259 68248694 68434409 68586687 68765695 68974347 69424563 69524506 69721367 69806168 70040213 70291424 70473420 70616866 70862435 71031404 71221498 71410725 71546914 71588105 71622354 71625155 72132618 72388876 72752785 72961796 73433102 73683958 73960400 74298923 74390175 74541773 74557754 74587738 74836905 74852798 75134778 75416763 75483576 75530725 76841443 77110771 77649400 77849491 77969951 78327078 78723920 79880561 80120294 80354655 80597091 81069909 81789883 81819098 82158335 82801844 82907945 83589583 84258187 84731874 84855665 84926908 85111741 85219705 85508116 85553610 85622055 86151303 86168662 86379782 86846050 86893845 87206485 87252913 87267521 87484706 87735021 87789554 88560274 89098562 89304468 89346828 89449885 89744939 89780539 89820986 90150976 90665059 90768062 90871899 91629652 91638496 91932151 92019724 92059275 92079039 92081349 92098391 92232641 92487294 92895867 92970560 93005211 93308352 93338166 93552738 93916862 93958719 94105925 94315709 94589488 94972836 95104442 95228973 95421221 95512609 95538495 96164193 96535123 96613856 97175318 97543821 97861142 98054669 98501935 99284691 99436382 99473557 99672280 99806880 99934863
77045917
348 
6174 556468 641193 1164267 1246901 2719039 2764501 2845152 3513338 3883552 4004007 4137086 4290602 4500640 4547812 4651968 5023299 5067208 5329828 6005300 6081442 6178461 7706438 7779841 8817952 8878717 8977441 9269237 9316261 9316452 9492852 9650928 10144720 10289282 10854597 11548308 11768088 11851977 12150989 12185242 12315433 12322097 12345370 12395758 13466729 13556379 13992944 14127659 14354349 14582387 14593471 15416108 15900711 16034623 16238276 16354004 16547682 16832485 17053264 17313416 17327796 17544309 17893101 18196582 18203008 18222475 18895089 19079483 19381562 20014963 20552093 21068721 21267687 21302976 21401702 21654884 21943955 22419669 22784058 23011229 23645903 23802834 24073731 24276039 24619866 24837568 25598128 26243973 26784257 27237102 27255724 27271650 27348886 27527123 27704155 27760059 28182581 28684434 28725097 28752791 28770977 28878822 28889867 28911901 28972804 29258395 29465986 29772924 29794021 30263457 30284925 31450350 31773001 32328386 32469378 32620401 32920652 32980988 33095384 34272321 34330158 34346570 34412797 34579399 34683576 35219454 35223773 35364005 35637579 35872792 35912567 36071118 36254588 36475934 37283357 37490361 37536656 37780556 37809144 38510347 38906879 40235544 40410865 40652194 40996381 41282422 41466408 41504590 41792248 42404726 42524432 42561584 42613291 42628516 42714808 42969796 43100646 43324748 43750073 44040581 44668958 45215996 45364052 45415506 45674769 45955633 46421058 46912875 46947911 47100148 47287995 47313397 47407936 47675436 48729798 49048943 49085990 49342575 49535629 50026538 50084210 50665445 51534295 51755348 51861426 52135890 52208149 52834432 53033409 53397501 53565055 53843179 53901442 53901640 54242485 54382511 55995315 56104449 56419513 56585371 56594311 56672237 56831883 56843535 57308775 57375789 57527427 57942986 58062978 58095111 58876334 58920991 59276992 59514221 59929490 61311226 61981714 62210500 63135101 63396005 64096794 64223456 65203205 65343073 65470986 65509380 65543009 65955389 67058651 67087487 67306154 67344103 67454564 67802064 68194660 68435620 68640591 68742895 68950096 69126738 69287834 70281179 70485834 72359240 72616965 72781881 72796274 72812869 73154406 73217135 74167699 74438315 74857295 75017085 75125131 75288681 75370079 75399948 75441440 75699839 75972110 76164387 76168302 76193037 76498710 76993287 77693393 77946602 78225551 78421435 78569870 78708582 79299307 79367873 79484945 79848970 80101571 80153907 80165232 80167635 80298067 80518501 80642993 80823615 80992472 81131433 81197267 81683478 82227081 82345207 82385971 82613260 82629089 82848575 82948053 83157734 83263689 83767639 84359099 84480005 84892050 84909888 85051347 85090431 85100622 85231295 85496537 86024029 86517269 86854700 88086578 88114471 88133832 88792364 88817923 88956983 89047900 91001201 91036152 91493699 91851911 91886582 92003782 92056519 92071287 92254660 92376015 92844640 92955362 93071921 93079300 93160381 93465835 93890563 94177821 95001193 95557276 96080241 96667400 97029207 97054732 97262296 97845123 98119501 98400751 98493714 99444900 99547293
36254588